0 0 0 0 0 0 1018.47 3088.81 -0.50 0.09 0.00 0.00 0.00 0.000000 0.000000 0
2000 0 0 18 5 30 1018.47 3088.82 -2.48 0.70 0.00 0.00 930.60 -25.480430 -49.270979 5
2000 0 0 18 5 30 1018.47 3088.82 -2.39 0.62 0.00 0.00 930.60 -25.480430 -49.270979 5
2000 0 0 18 5 30 1018.47 3088.82 -2.30 0.52 0.00 0.00 930.60 -25.480430 -49.270979 5
2000 0 0 18 5 30 1018.47 3088.82 -2.22 0.43 0.00 0.00 930.60 -25.480430 -49.270979 5
2000 0 0 18 5 30 1018.47 3088.82 -2.12 0.34 0.00 0.00 930.60 -25.480430 -49.270979 5
2000 0 0 18 5 30 1018.47 3088.82 -2.04 0.24 0.00 0.00 930.60 -25.480430 -49.270979 5
2000 0 0 18 5 30 1018.47 3088.82 -1.98 0.16 0.00 0.00 930.60 -25.480430 -49.270979 5
2000 0 0 18 5 30 1018.47 3088.82 -1.91 0.09 0.00 0.00 930.60 -25.480430 -49.270979 5
2000 0 0 18 5 30 1018.47 3088.82 -1.83 0.00 0.00 0.00 930.60 -25.480430 -49.270979 5
2000 0 0 18 5 30 1018.47 3088.82 -1.75 -0.08 0.00 0.00 930.60 -25.480430 -49.270979 5
2000 0 0 18 5 30 1018.47 3088.82 -1.67 -0.16 0.00 0.00 930.60 -25.480430 -49.270979 5
2000 0 0 18 5 30 1018.47 3088.82 -1.59 -0.23 0.00 0.00 930.60 -25.480430 -49.270979 5
2000 0 0 18 5 30 1018.47 3088.82 -1.54 -0.30 0.00 0.00 930.60 -25.480430 -49.270979 5
2000 0 0 18 5 30 1018.47 3088.82 -1.47 -0.36 0.00 0.00 930.60 -25.480430 -49.270979 5
2000 0 0 18 5 30 1018.47 3088.82 -1.40 -0.43 0.00 0.00 930.60 -25.480430 -49.270979 5
2000 0 0 18 5 30 1018.47 3088.82 -1.33 -0.51 0.00 0.00 930.60 -25.480430 -49.270979 5
2000 0 0 18 5 30 1018.47 3088.82 -1.26 -0.58 0.00 0.00 930.60 -25.480430 -49.270979 5
2019 6 29 18 5 32 1018.47 3088.82 -1.23 -0.64 0.00 0.14 932.60 -25.480430 -49.270987 5
2019 6 29 18 5 32 1018.47 3088.82 -1.17 -0.71 0.00 0.14 932.60 -25.480430 -49.270987 5
2019 6 29 18 5 32 1018.47 3088.82 -1.09 -0.78 0.00 0.14 932.60 -25.480430 -49.270987 5
2019 6 29 18 5 32 1018.47 3088.82 -1.02 -0.86 0.00 0.14 932.60 -25.480430 -49.270987 5
2019 6 29 18 5 32 1018.47 3088.82 -0.96 -0.92 0.00 0.14 932.60 -25.480430 -49.270987 5
2019 6 29 18 5 32 1018.47 3088.82 -0.89 -0.98 0.00 0.14 932.60 -25.480430 -49.270987 5
2019 6 29 18 5 32 1018.47 3088.82 -0.85 -1.03 0.00 0.14 932.60 -25.480430 -49.270987 5
2019 6 29 18 5 32 1018.47 3088.82 -0.79 -1.09 0.00 0.14 932.60 -25.480430 -49.270987 5
2019 6 29 18 5 32 1018.47 3088.82 -0.73 -1.14 0.00 0.14 932.60 -25.480430 -49.270987 5
2019 6 29 18 5 32 1018.47 3088.82 -0.68 -1.20 0.00 0.14 932.60 -25.480430 -49.270987 5
2019 6 29 18 5 32 1018.47 3088.82 -0.62 -1.25 0.00 0.14 932.60 -25.480430 -49.270987 5
2019 6 29 18 5 32 1018.47 3088.82 -0.55 -1.31 0.00 0.14 932.60 -25.480430 -49.270987 5
2019 6 29 18 5 32 1018.47 3088.82 -0.53 -1.34 0.00 0.14 932.60 -25.480430 -49.270987 5
2019 6 29 18 5 32 1018.47 3088.82 -0.46 -1.39 0.00 0.14 932.60 -25.480430 -49.270987 5
2019 6 29 18 5 32 1018.47 3088.82 -0.40 -1.43 0.00 0.14 932.60 -25.480430 -49.270987 5
2019 6 29 18 5 32 1018.47 3088.82 -0.36 -1.49 0.00 0.14 932.60 -25.480430 -49.270987 5
2019 6 29 18 5 32 1018.47 3088.83 -0.30 -1.54 0.00 0.14 932.60 -25.480430 -49.270987 5
2019 6 29 18 5 32 1018.47 3088.83 -0.25 -1.60 0.00 0.14 932.60 -25.480430 -49.270987 5
2019 6 29 18 5 32 1018.47 3088.83 -0.23 -1.64 0.00 0.14 932.60 -25.480430 -49.270987 5
2019 6 29 18 5 32 1018.47 3088.83 -0.17 -1.68 0.00 0.14 932.60 -25.480430 -49.270987 5
2019 6 29 18 5 32 1018.47 3088.83 -0.12 -1.72 0.00 0.14 932.60 -25.480430 -49.270987 5
2019 6 29 18 5 32 1018.47 3088.83 -0.08 -1.77 0.00 0.14 932.60 -25.480430 -49.270987 5
2019 6 29 18 5 32 1018.47 3088.83 -0.02 -1.80 0.00 0.14 932.60 -25.480430 -49.270987 5
2019 6 29 18 5 32 1018.47 3088.83 0.02 -1.85 0.00 0.14 932.60 -25.480430 -49.270987 5
2019 6 29 18 5 32 1018.47 3088.83 0.05 -1.88 0.00 0.14 932.60 -25.480430 -49.270987 5
2019 6 29 18 5 32 1018.47 3088.83 0.09 -1.92 0.00 0.14 932.60 -25.480430 -49.270987 5
2019 6 29 18 5 32 1018.47 3088.83 0.13 -1.97 0.00 0.14 932.60 -25.480430 -49.270987 5
2019 6 29 18 5 32 1018.47 3088.83 0.16 -2.00 0.00 0.14 932.60 -25.480430 -49.270987 5
2019 6 29 18 5 32 1018.47 3088.83 0.20 -2.04 0.00 0.14 932.60 -25.480430 -49.270987 5
2019 6 29 18 5 32 1018.47 3088.83 0.25 -2.07 0.00 0.14 932.60 -25.480430 -49.270987 5
2019 6 29 18 5 33 1018.47 3088.83 0.24 -2.11 0.00 0.05 932.50 -25.480421 -49.270994 5
2019 6 29 18 5 33 1018.47 3088.93 0.28 -2.14 0.00 0.05 932.50 -25.480421 -49.270994 5
2019 6 29 18 5 33 1018.47 3088.82 0.32 -2.17 0.00 0.05 932.50 -25.480421 -49.270994 5
2019 6 29 18 5 33 1018.47 3088.82 0.36 -2.21 0.00 0.05 932.50 -25.480421 -49.270994 5
2019 6 29 18 5 33 1018.47 3088.82 0.39 -2.25 0.00 0.05 932.50 -25.480421 -49.270994 5
2019 6 29 18 5 33 1018.47 3088.82 0.41 -2.28 0.00 0.05 932.50 -25.480421 -49.270994 5
2019 6 29 18 5 33 1018.47 3088.82 0.44 -2.31 0.00 0.05 932.50 -25.480421 -49.270994 5
2019 6 29 18 5 33 1018.47 3088.82 0.48 -2.34 0.00 0.05 932.50 -25.480421 -49.270994 5
2019 6 29 18 5 33 1018.47 3088.82 0.53 -2.37 0.00 0.05 932.50 -25.480421 -49.270994 5
2019 6 29 18 5 33 1018.47 3088.82 0.57 -2.40 0.00 0.05 932.50 -25.480421 -49.270994 5
2019 6 29 18 5 33 1018.47 3088.82 0.60 -2.44 0.00 0.05 932.50 -25.480421 -49.270994 5
2019 6 29 18 5 33 1018.47 3088.82 0.61 -2.45 0.00 0.05 932.50 -25.480421 -49.270994 5
2019 6 29 18 5 33 1018.47 3088.82 0.64 -2.47 0.00 0.05 932.50 -25.480421 -49.270994 5
2019 6 29 18 5 33 1018.47 3088.82 0.67 -2.50 0.00 0.05 932.50 -25.480421 -49.270994 5
2019 6 29 18 5 33 1018.47 3088.82 0.70 -2.52 0.00 0.05 932.50 -25.480421 -49.270994 5
2019 6 29 18 5 33 1018.47 3088.82 0.72 -2.54 0.00 0.05 932.50 -25.480421 -49.270994 5
2019 6 29 18 5 33 1018.47 3088.82 0.75 -2.58 0.00 0.05 932.50 -25.480421 -49.270994 5
2019 6 29 18 5 33 1018.46 3088.81 0.74 -2.60 0.00 0.05 932.50 -25.480421 -49.270994 5
2019 6 29 18 5 33 1018.46 3088.81 0.78 -2.63 0.00 0.05 932.50 -25.480421 -49.270994 5
2019 6 29 18 5 33 1018.46 3088.81 0.80 -2.65 0.00 0.05 932.50 -25.480421 -49.270994 5
2019 6 29 18 5 33 1018.46 3088.81 0.83 -2.69 0.00 0.05 932.50 -25.480421 -49.270994 5
2019 6 29 18 5 33 1018.46 3088.81 0.86 -2.71 0.00 0.05 932.50 -25.480421 -49.270994 5
2019 6 29 18 5 33 1018.46 3088.81 0.89 -2.74 0.00 0.05 932.50 -25.480421 -49.270994 5
2019 6 29 18 5 33 1018.46 3088.81 0.89 -2.76 0.00 0.05 932.50 -25.480421 -49.270994 5
2019 6 29 18 5 33 1018.46 3088.81 0.92 -2.78 0.00 0.05 932.50 -25.480421 -49.270994 5
2019 6 29 18 5 33 1018.46 3088.81 0.94 -2.81 0.00 0.05 932.50 -25.480421 -49.270994 5
2019 6 29 18 5 33 1018.46 3088.81 0.96 -2.82 0.00 0.05 932.50 -25.480421 -49.270994 5
2019 6 29 18 5 33 1018.46 3088.81 0.99 -2.84 0.00 0.05 932.50 -25.480421 -49.270994 5
2019 6 29 18 5 33 1018.46 3088.81 1.00 -2.87 0.00 0.05 932.50 -25.480421 -49.270994 5
2019 6 29 18 5 33 1018.46 3088.81 1.00 -2.88 0.00 0.05 932.50 -25.480421 -49.270994 5
2019 6 29 18 5 33 1018.46 3088.81 1.02 -2.88 0.00 0.05 932.50 -25.480421 -49.270994 5
2019 6 29 18 5 34 1018.46 3088.81 1.03 -2.89 0.00 0.05 932.20 -25.480424 -49.270994 5
2019 6 29 18 5 34 1018.46 3088.81 1.07 -2.94 0.00 0.05 932.20 -25.480424 -49.270994 5
2019 6 29 18 5 34 1018.46 3088.81 1.10 -2.97 0.00 0.05 932.20 -25.480424 -49.270994 5
2019 6 29 18 5 34 1018.47 3088.82 1.13 -3.01 0.00 0.05 932.20 -25.480424 -49.270994 5
2019 6 29 18 5 34 1018.47 3088.82 1.03 -3.00 0.00 0.05 932.20 -25.480424 -49.270994 5
2019 6 29 18 5 34 1018.47 3088.82 1.04 -3.02 0.00 0.05 932.20 -25.480424 -49.270994 5
2019 6 29 18 5 34 1018.47 3088.82 1.06 -3.03 0.00 0.05 932.20 -25.480424 -49.270994 5
2019 6 29 18 5 34 1018.47 3088.82 1.08 -3.06 0.00 0.05 932.20 -25.480424 -49.270994 5
2019 6 29 18 5 34 1018.47 3088.82 1.11 -3.09 0.00 0.05 932.20 -25.480424 -49.270994 5
2019 6 29 18 5 34 1018.47 3088.82 1.13 -3.10 0.00 0.05 932.20 -25.480424 -49.270994 5
2019 6 29 18 5 34 1018.47 3088.82 1.12 -3.12 0.00 0.05 932.20 -25.480424 -49.270994 5
2019 6 29 18 5 34 1018.47 3088.82 1.15 -3.18 0.00 0.05 932.20 -25.480424 -49.270994 5
2019 6 29 18 5 34 1018.47 3088.82 1.18 -3.26 0.00 0.05 932.20 -25.480424 -49.270994 5
2019 6 29 18 5 34 1018.47 3088.82 1.20 -3.36 0.00 0.05 932.20 -25.480424 -49.270994 5
2019 6 29 18 5 34 1018.47 3088.82 1.22 -3.46 0.00 0.05 932.20 -25.480424 -49.270994 5
2019 6 29 18 5 34 1018.47 3088.82 1.24 -3.53 0.00 0.05 932.20 -25.480424 -49.270994 5
2019 6 29 18 5 34 1018.47 3088.82 1.21 -3.96 0.00 0.05 932.20 -25.480424 -49.270994 5
2019 6 29 18 5 34 1018.47 3088.82 1.24 -4.18 0.00 0.05 932.20 -25.480424 -49.270994 5
2019 6 29 18 5 34 1018.47 3088.82 1.28 -4.37 0.00 0.05 932.20 -25.480424 -49.270994 5
2019 6 29 18 5 34 1018.47 3088.82 1.36 -4.78 0.00 0.05 932.20 -25.480424 -49.270994 5
2019 6 29 18 5 34 1018.47 3088.82 1.43 -5.09 0.00 0.05 932.20 -25.480424 -49.270994 5
2019 6 29 18 5 34 1018.47 3088.82 1.46 -5.19 0.00 0.05 932.20 -25.480424 -49.270994 5
2019 6 29 18 5 34 1018.47 3088.82 1.48 -5.42 0.00 0.05 932.20 -25.480424 -49.270994 5
2019 6 29 18 5 34 1018.47 3088.82 1.50 -5.57 0.00 0.05 932.20 -25.480424 -49.270994 5
2019 6 29 18 5 34 1018.47 3088.82 1.50 -5.73 0.00 0.05 932.20 -25.480424 -49.270994 5
2019 6 29 18 5 34 1018.47 3088.82 1.51 -5.87 0.00 0.05 932.20 -25.480424 -49.270994 5
2019 6 29 18 5 34 1018.47 3088.82 1.53 -6.15 0.00 0.05 932.20 -25.480424 -49.270994 5
2019 6 29 18 5 34 1018.47 3088.82 1.49 -6.67 0.00 0.05 932.20 -25.480424 -49.270994 5
2019 6 29 18 5 35 1018.47 3088.82 1.51 -6.99 0.00 0.09 932.40 -25.480419 -49.270996 5
2019 6 29 18 5 35 1018.47 3088.82 1.56 -7.26 0.00 0.09 932.40 -25.480419 -49.270996 5
2019 6 29 18 5 35 1018.47 3088.82 1.60 -7.53 0.00 0.09 932.40 -25.480419 -49.270996 5
2019 6 29 18 5 35 1018.47 3088.82 1.60 -7.81 0.00 0.09 932.40 -25.480419 -49.270996 5
2019 6 29 18 5 35 1018.47 3088.82 1.60 -7.99 0.00 0.09 932.40 -25.480419 -49.270996 5
2019 6 29 18 5 35 1018.47 3088.83 1.61 -8.54 0.00 0.09 932.40 -25.480419 -49.270996 5
2019 6 29 18 5 35 1018.47 3088.83 1.62 -8.92 0.00 0.09 932.40 -25.480419 -49.270996 5
2019 6 29 18 5 35 1018.47 3088.83 1.66 -9.42 0.00 0.09 932.40 -25.480419 -49.270996 5
2019 6 29 18 5 35 1018.47 3088.83 1.74 -10.12 0.00 0.09 932.40 -25.480419 -49.270996 5
2019 6 29 18 5 35 1018.47 3088.83 1.79 -10.91 0.00 0.09 932.40 -25.480419 -49.270996 5
2019 6 29 18 5 35 1018.47 3088.83 1.81 -11.62 0.00 0.09 932.40 -25.480419 -49.270996 5
2019 6 29 18 5 35 1018.47 3088.83 1.82 -13.05 0.00 0.09 932.40 -25.480419 -49.270996 5
2019 6 29 18 5 35 1018.47 3088.83 1.85 -13.61 0.00 0.09 932.40 -25.480419 -49.270996 5
2019 6 29 18 5 35 1018.47 3088.83 1.86 -14.15 0.00 0.09 932.40 -25.480419 -49.270996 5
2019 6 29 18 5 35 1018.47 3088.83 1.88 -14.93 0.00 0.09 932.40 -25.480419 -49.270996 5
2019 6 29 18 5 35 1018.47 3088.83 1.90 -15.90 0.00 0.09 932.40 -25.480419 -49.270996 5
2019 6 29 18 5 35 1018.47 3088.83 1.89 -16.83 0.00 0.09 932.40 -25.480419 -49.270996 5
2019 6 29 18 5 35 1018.47 3088.83 1.88 -18.20 0.00 0.09 932.40 -25.480419 -49.270996 5
2019 6 29 18 5 35 1018.47 3088.83 1.89 -18.80 0.00 0.09 932.40 -25.480419 -49.270996 5
2019 6 29 18 5 35 1018.47 3088.83 1.90 -19.42 0.00 0.09 932.40 -25.480419 -49.270996 5
2019 6 29 18 5 35 1018.47 3088.83 1.92 -20.03 0.00 0.09 932.40 -25.480419 -49.270996 5
2019 6 29 18 5 35 1018.47 3088.82 1.91 -20.63 0.00 0.09 932.40 -25.480419 -49.270996 5
2019 6 29 18 5 35 1018.47 3088.82 1.90 -21.36 0.00 0.09 932.40 -25.480419 -49.270996 5
2019 6 29 18 5 35 1018.47 3088.82 1.88 -22.81 0.00 0.09 932.40 -25.480419 -49.270996 5
2019 6 29 18 5 35 1018.47 3088.82 1.90 -23.51 0.00 0.09 932.40 -25.480419 -49.270996 5
2019 6 29 18 5 35 1018.47 3088.82 1.93 -24.21 0.00 0.09 932.40 -25.480419 -49.270996 5
2019 6 29 18 5 35 1018.47 3088.82 1.98 -25.05 0.00 0.09 932.40 -25.480419 -49.270996 5
2019 6 29 18 5 35 1018.47 3088.82 2.01 -25.99 0.00 0.09 932.40 -25.480419 -49.270996 5
2019 6 29 18 5 35 1018.47 3088.82 2.05 -27.15 0.00 0.09 932.40 -25.480419 -49.270996 5
2019 6 29 18 5 35 1018.47 3088.82 2.09 -28.75 0.00 0.09 932.40 -25.480419 -49.270996 5
2019 6 29 18 5 35 1018.47 3088.82 2.14 -29.65 0.00 0.09 932.40 -25.480419 -49.270996 5
2019 6 29 18 5 36 1018.47 3088.82 2.21 -30.84 0.00 0.31 933.60 -25.480422 -49.270995 5
2019 6 29 18 5 36 1018.47 3088.82 2.36 -31.61 0.00 0.31 933.60 -25.480422 -49.270995 5
2019 6 29 18 5 36 1018.47 3088.82 2.53 -32.27 0.00 0.31 933.60 -25.480422 -49.270995 5
2019 6 29 18 5 36 1018.47 3088.82 2.70 -33.47 0.00 0.31 933.60 -25.480422 -49.270995 5
2019 6 29 18 5 36 1018.47 3088.82 2.78 -34.02 0.00 0.31 933.60 -25.480422 -49.270995 5
2019 6 29 18 5 36 1018.47 3088.82 2.76 -34.46 0.00 0.31 933.60 -25.480422 -49.270995 5
2019 6 29 18 5 36 1018.47 3088.82 2.80 -34.86 0.00 0.31 933.60 -25.480422 -49.270995 5
2019 6 29 18 5 36 1018.47 3088.82 2.98 -35.51 0.00 0.31 933.60 -25.480422 -49.270995 5
2019 6 29 18 5 36 1018.47 3088.82 3.13 -36.31 0.00 0.31 933.60 -25.480422 -49.270995 5
2019 6 29 18 5 36 1018.47 3088.82 3.13 -37.16 0.00 0.31 933.60 -25.480422 -49.270995 5
2019 6 29 18 5 36 1018.47 3088.82 3.12 -37.69 0.00 0.31 933.60 -25.480422 -49.270995 5
2019 6 29 18 5 36 1018.47 3088.82 3.02 -38.24 0.00 0.31 933.60 -25.480422 -49.270995 5
2019 6 29 18 5 36 1018.47 3088.82 3.03 -38.69 0.00 0.31 933.60 -25.480422 -49.270995 5
2019 6 29 18 5 36 1018.47 3088.82 3.04 -39.22 0.00 0.31 933.60 -25.480422 -49.270995 5
2019 6 29 18 5 36 1018.47 3088.82 3.03 -39.99 0.00 0.31 933.60 -25.480422 -49.270995 5
2019 6 29 18 5 36 1018.47 3088.82 3.13 -41.15 0.00 0.31 933.60 -25.480422 -49.270995 5
2019 6 29 18 5 36 1018.47 3088.82 3.20 -41.63 0.00 0.31 933.60 -25.480422 -49.270995 5
2019 6 29 18 5 36 1018.47 3088.82 3.21 -41.82 0.00 0.31 933.60 -25.480422 -49.270995 5
2019 6 29 18 5 36 1018.47 3088.82 3.25 -41.76 0.00 0.31 933.60 -25.480422 -49.270995 5
2019 6 29 18 5 36 1018.47 3088.82 3.32 -41.66 0.00 0.31 933.60 -25.480422 -49.270995 5
2019 6 29 18 5 36 1018.47 3088.82 3.34 -41.63 0.00 0.31 933.60 -25.480422 -49.270995 5
2019 6 29 18 5 36 1018.47 3088.82 3.40 -41.69 0.00 0.31 933.60 -25.480422 -49.270995 5
2019 6 29 18 5 36 1018.47 3088.82 3.48 -41.54 0.00 0.31 933.60 -25.480422 -49.270995 5
2019 6 29 18 5 36 1018.47 3088.82 3.59 -41.12 0.00 0.31 933.60 -25.480422 -49.270995 5
2019 6 29 18 5 36 1018.47 3088.82 3.73 -40.47 0.00 0.31 933.60 -25.480422 -49.270995 5
2019 6 29 18 5 36 1018.47 3088.82 3.82 -39.46 0.00 0.31 933.60 -25.480422 -49.270995 5
2019 6 29 18 5 36 1018.47 3088.82 3.88 -38.21 0.00 0.31 933.60 -25.480422 -49.270995 5
2019 6 29 18 5 36 1018.47 3088.82 4.05 -35.74 0.00 0.31 933.60 -25.480422 -49.270995 5
2019 6 29 18 5 36 1018.47 3088.82 4.20 -34.58 0.00 0.31 933.60 -25.480422 -49.270995 5
2019 6 29 18 5 36 1018.47 3088.82 4.43 -33.25 0.00 0.31 933.60 -25.480422 -49.270995 5
2019 6 29 18 5 36 1018.47 3088.82 4.54 -31.82 0.00 0.31 933.60 -25.480422 -49.270995 5
2019 6 29 18 5 37 1018.47 3088.82 4.56 -30.27 0.00 0.04 931.10 -25.480430 -49.271000 5
2019 6 29 18 5 37 1018.47 3088.82 4.60 -28.98 0.00 0.04 931.10 -25.480430 -49.271000 5
2019 6 29 18 5 37 1018.47 3088.82 4.61 -26.92 0.00 0.04 931.10 -25.480430 -49.271000 5
2019 6 29 18 5 37 1018.47 3088.82 4.72 -25.75 0.00 0.04 931.10 -25.480430 -49.271000 5
2019 6 29 18 5 37 1018.47 3088.82 4.77 -24.99 0.00 0.04 931.10 -25.480430 -49.271000 5
2019 6 29 18 5 37 1018.47 3088.82 4.82 -24.14 0.00 0.04 931.10 -25.480430 -49.271000 5
2019 6 29 18 5 37 1018.47 3088.82 4.85 -23.45 0.00 0.04 931.10 -25.480430 -49.271000 5
2019 6 29 18 5 37 1018.47 3088.82 4.98 -22.26 0.00 0.04 931.10 -25.480430 -49.271000 5
2019 6 29 18 5 37 1018.47 3088.82 5.02 -21.54 0.00 0.04 931.10 -25.480430 -49.271000 5
2019 6 29 18 5 37 1018.47 3088.82 4.95 -20.85 0.00 0.04 931.10 -25.480430 -49.271000 5
2019 6 29 18 5 37 1018.47 3088.82 4.89 -20.08 0.00 0.04 931.10 -25.480430 -49.271000 5
2019 6 29 18 5 37 1018.47 3088.82 4.88 -19.23 0.00 0.04 931.10 -25.480430 -49.271000 5
2019 6 29 18 5 37 1018.47 3088.82 4.87 -18.33 0.00 0.04 931.10 -25.480430 -49.271000 5
2019 6 29 18 5 37 1018.47 3088.82 4.53 -17.13 0.00 0.04 931.10 -25.480430 -49.271000 5
2019 6 29 18 5 37 1018.47 3088.82 4.37 -16.49 0.00 0.04 931.10 -25.480430 -49.271000 5
2019 6 29 18 5 37 1018.47 3088.82 4.30 -15.80 0.00 0.04 931.10 -25.480430 -49.271000 5
2019 6 29 18 5 37 1018.47 3088.82 4.20 -15.26 0.00 0.04 931.10 -25.480430 -49.271000 5
2019 6 29 18 5 37 1018.47 3088.82 4.05 -14.81 0.00 0.04 931.10 -25.480430 -49.271000 5
2019 6 29 18 5 37 1018.47 3088.82 3.95 -14.53 0.00 0.04 931.10 -25.480430 -49.271000 5
2019 6 29 18 5 37 1018.47 3088.82 3.94 -14.45 0.00 0.04 931.10 -25.480430 -49.271000 5
2019 6 29 18 5 37 1018.47 3088.82 3.99 -14.45 0.00 0.04 931.10 -25.480430 -49.271000 5
2019 6 29 18 5 37 1018.47 3088.82 4.03 -14.62 0.00 0.04 931.10 -25.480430 -49.271000 5
2019 6 29 18 5 37 1018.47 3088.82 4.03 -14.83 0.00 0.04 931.10 -25.480430 -49.271000 5
2019 6 29 18 5 37 1018.47 3088.73 3.90 -15.20 0.00 0.04 931.10 -25.480430 -49.271000 5
2019 6 29 18 5 37 1018.47 3088.83 3.84 -15.46 0.00 0.04 931.10 -25.480430 -49.271000 5
2019 6 29 18 5 37 1018.47 3088.83 3.80 -15.85 0.00 0.04 931.10 -25.480430 -49.271000 5
2019 6 29 18 5 37 1018.47 3088.83 3.81 -15.89 0.00 0.04 931.10 -25.480430 -49.271000 5
2019 6 29 18 5 37 1018.47 3088.83 3.85 -15.78 0.00 0.04 931.10 -25.480430 -49.271000 5
2019 6 29 18 5 37 1018.47 3088.83 3.83 -15.75 0.00 0.04 931.10 -25.480430 -49.271000 5
2019 6 29 18 5 37 1018.47 3088.83 3.78 -15.57 0.00 0.04 931.10 -25.480430 -49.271000 5
2019 6 29 18 5 38 1018.47 3088.83 3.76 -15.35 0.00 0.04 927.70 -25.480437 -49.270999 5
2019 6 29 18 5 38 1018.47 3088.83 3.57 -15.64 0.00 0.04 927.70 -25.480437 -49.270999 5
2019 6 29 18 5 38 1018.47 3088.83 3.56 -15.72 0.00 0.04 927.70 -25.480437 -49.270999 5
2019 6 29 18 5 38 1018.47 3088.83 3.53 -15.70 0.00 0.04 927.70 -25.480437 -49.270999 5
2019 6 29 18 5 38 1018.47 3088.83 3.50 -15.58 0.00 0.04 927.70 -25.480437 -49.270999 5
2019 6 29 18 5 38 1018.47 3088.83 3.47 -15.32 0.00 0.04 927.70 -25.480437 -49.270999 5
2019 6 29 18 5 38 1018.47 3088.83 3.39 -14.94 0.00 0.04 927.70 -25.480437 -49.270999 5
2019 6 29 18 5 38 1018.47 3088.83 3.35 -14.65 0.00 0.04 927.70 -25.480437 -49.270999 5
2019 6 29 18 5 38 1018.47 3088.83 3.32 -14.38 0.00 0.04 927.70 -25.480437 -49.270999 5
2019 6 29 18 5 38 1018.47 3088.83 3.31 -14.18 0.00 0.04 927.70 -25.480437 -49.270999 5
2019 6 29 18 5 38 1018.47 3088.83 3.29 -13.97 0.00 0.04 927.70 -25.480437 -49.270999 5
2019 6 29 18 5 38 1018.47 3088.83 3.24 -13.77 0.00 0.04 927.70 -25.480437 -49.270999 5
2019 6 29 18 5 38 1018.47 3088.83 3.19 -13.08 0.00 0.04 927.70 -25.480437 -49.270999 5
2019 6 29 18 5 38 1018.47 3088.83 3.15 -12.60 0.00 0.04 927.70 -25.480437 -49.270999 5
2019 6 29 18 5 38 1018.47 3088.83 3.09 -12.45 0.00 0.04 927.70 -25.480437 -49.270999 5
2019 6 29 18 5 38 1018.47 3088.83 3.09 -12.32 0.00 0.04 927.70 -25.480437 -49.270999 5
2019 6 29 18 5 38 1018.47 3088.83 3.05 -12.00 0.00 0.04 927.70 -25.480437 -49.270999 5
2019 6 29 18 5 38 1018.47 3088.83 3.03 -11.71 0.00 0.04 927.70 -25.480437 -49.270999 5
2019 6 29 18 5 38 1018.47 3088.83 2.98 -11.34 0.00 0.04 927.70 -25.480437 -49.270999 5
2019 6 29 18 5 38 1018.47 3088.83 2.97 -11.07 0.00 0.04 927.70 -25.480437 -49.270999 5
2019 6 29 18 5 38 1018.47 3088.83 2.95 -10.74 0.00 0.04 927.70 -25.480437 -49.270999 5
2019 6 29 18 5 38 1018.47 3088.83 2.94 -10.35 0.00 0.04 927.70 -25.480437 -49.270999 5
2019 6 29 18 5 38 1018.47 3088.83 2.95 -9.88 0.00 0.04 927.70 -25.480437 -49.270999 5
2019 6 29 18 5 38 1018.47 3088.83 2.92 -9.33 0.00 0.04 927.70 -25.480437 -49.270999 5
2019 6 29 18 5 38 1018.47 3088.83 3.10 -7.78 0.00 0.04 927.70 -25.480437 -49.270999 5
2019 6 29 18 5 38 1018.47 3088.83 3.07 -6.94 0.00 0.04 927.70 -25.480437 -49.270999 5
2019 6 29 18 5 38 1018.47 3088.83 3.10 -6.27 0.00 0.04 927.70 -25.480437 -49.270999 5
2019 6 29 18 5 38 1018.47 3088.83 3.14 -5.59 0.00 0.04 927.70 -25.480437 -49.270999 5
2019 6 29 18 5 38 1018.47 3088.83 2.89 -5.59 0.00 0.04 927.70 -25.480437 -49.270999 5
2019 6 29 18 5 39 1018.47 3088.83 2.73 -5.34 0.00 0.25 925.90 -25.480440 -49.271002 5
2019 6 29 18 5 39 1018.47 3088.83 2.62 -4.75 0.00 0.25 925.90 -25.480440 -49.271002 5
2019 6 29 18 5 39 1018.47 3088.83 2.58 -4.49 0.00 0.25 925.90 -25.480440 -49.271002 5
2019 6 29 18 5 39 1018.47 3088.83 2.52 -4.21 0.00 0.25 925.90 -25.480440 -49.271002 5
2019 6 29 18 5 39 1018.47 3088.83 2.53 -3.83 0.00 0.25 925.90 -25.480440 -49.271002 5
2019 6 29 18 5 39 1018.47 3088.83 2.52 -3.79 0.00 0.25 925.90 -25.480440 -49.271002 5
2019 6 29 18 5 39 1018.47 3088.83 2.51 -3.77 0.00 0.25 925.90 -25.480440 -49.271002 5
2019 6 29 18 5 39 1018.47 3088.83 2.72 -4.00 0.00 0.25 925.90 -25.480440 -49.271002 5
2019 6 29 18 5 39 1018.47 3088.83 2.87 -4.10 0.00 0.25 925.90 -25.480440 -49.271002 5
2019 6 29 18 5 39 1018.47 3088.83 2.93 -4.07 0.00 0.25 925.90 -25.480440 -49.271002 5
2019 6 29 18 5 39 1018.47 3088.83 2.91 -4.02 0.00 0.25 925.90 -25.480440 -49.271002 5
2019 6 29 18 5 39 1018.47 3088.83 2.90 -3.94 0.00 0.25 925.90 -25.480440 -49.271002 5
2019 6 29 18 5 39 1018.47 3088.83 2.87 -3.85 0.00 0.25 925.90 -25.480440 -49.271002 5
2019 6 29 18 5 39 1018.47 3088.83 2.78 -3.60 0.00 0.25 925.90 -25.480440 -49.271002 5
2019 6 29 18 5 39 1018.47 3088.83 2.67 -3.26 0.00 0.25 925.90 -25.480440 -49.271002 5
2019 6 29 18 5 39 1018.47 3088.83 2.57 -2.79 0.00 0.25 925.90 -25.480440 -49.271002 5
2019 6 29 18 5 39 1018.47 3088.83 2.44 -1.86 0.00 0.25 925.90 -25.480440 -49.271002 5
2019 6 29 18 5 39 1018.47 3088.83 2.32 -0.53 0.00 0.25 925.90 -25.480440 -49.271002 5
2019 6 29 18 5 39 1018.47 3088.83 2.33 1.08 0.00 0.25 925.90 -25.480440 -49.271002 5
2019 6 29 18 5 39 1018.47 3088.83 2.34 1.77 0.00 0.25 925.90 -25.480440 -49.271002 5
2019 6 29 18 5 39 1018.47 3088.83 2.34 2.42 0.00 0.25 925.90 -25.480440 -49.271002 5
2019 6 29 18 5 39 1018.47 3088.83 2.34 3.24 0.00 0.25 925.90 -25.480440 -49.271002 5
2019 6 29 18 5 39 1018.47 3088.83 2.34 4.60 0.00 0.25 925.90 -25.480440 -49.271002 5
2019 6 29 18 5 39 1018.47 3088.83 2.33 6.20 0.00 0.25 925.90 -25.480440 -49.271002 5
2019 6 29 18 5 39 1018.47 3088.83 2.26 9.30 0.00 0.25 925.90 -25.480440 -49.271002 5
2019 6 29 18 5 39 1018.47 3088.83 2.19 11.04 0.00 0.25 925.90 -25.480440 -49.271002 5
2019 6 29 18 5 39 1018.47 3088.83 2.15 12.91 0.00 0.25 925.90 -25.480440 -49.271002 5
2019 6 29 18 5 39 1018.47 3088.83 2.12 14.35 0.00 0.25 925.90 -25.480440 -49.271002 5
2019 6 29 18 5 39 1018.47 3088.83 2.14 15.43 0.00 0.25 925.90 -25.480440 -49.271002 5
2019 6 29 18 5 39 1018.47 3088.83 2.28 16.55 0.00 0.25 925.90 -25.480440 -49.271002 5
2019 6 29 18 5 40 1018.47 3088.83 2.20 17.77 0.00 0.14 923.80 -25.480445 -49.271008 5
2019 6 29 18 5 40 1018.47 3088.83 2.22 18.14 0.00 0.14 923.80 -25.480445 -49.271008 5
2019 6 29 18 5 40 1018.47 3088.83 2.22 18.67 0.00 0.14 923.80 -25.480445 -49.271008 5
2019 6 29 18 5 40 1018.47 3088.83 2.14 19.60 0.00 0.14 923.80 -25.480445 -49.271008 5
2019 6 29 18 5 40 1018.47 3088.83 2.07 20.47 0.00 0.14 923.80 -25.480445 -49.271008 5
2019 6 29 18 5 40 1018.47 3088.83 2.06 21.22 0.00 0.14 923.80 -25.480445 -49.271008 5
2019 6 29 18 5 40 1018.47 3088.83 2.09 22.70 0.00 0.14 923.80 -25.480445 -49.271008 5
2019 6 29 18 5 40 1018.47 3088.83 2.08 23.62 0.00 0.14 923.80 -25.480445 -49.271008 5
2019 6 29 18 5 40 1018.47 3088.83 2.02 24.56 0.00 0.14 923.80 -25.480445 -49.271008 5
2019 6 29 18 5 40 1018.47 3088.83 2.00 25.36 0.00 0.14 923.80 -25.480445 -49.271008 5
2019 6 29 18 5 40 1018.47 3088.83 2.04 25.84 0.00 0.14 923.80 -25.480445 -49.271008 5
2019 6 29 18 5 40 1018.47 3088.83 2.11 26.19 0.00 0.14 923.80 -25.480445 -49.271008 5
2019 6 29 18 5 40 1018.47 3088.82 2.12 27.15 0.00 0.14 923.80 -25.480445 -49.271008 5
2019 6 29 18 5 40 1018.47 3088.82 2.18 27.58 0.00 0.14 923.80 -25.480445 -49.271008 5
2019 6 29 18 5 40 1018.47 3088.82 2.21 28.01 0.00 0.14 923.80 -25.480445 -49.271008 5
2019 6 29 18 5 40 1018.47 3088.82 2.21 28.79 0.00 0.14 923.80 -25.480445 -49.271008 5
2019 6 29 18 5 40 1018.47 3088.82 2.10 29.78 0.00 0.14 923.80 -25.480445 -49.271008 5
2019 6 29 18 5 40 1018.47 3088.82 2.04 30.56 0.00 0.14 923.80 -25.480445 -49.271008 5
2019 6 29 18 5 40 1018.47 3088.82 1.92 31.68 0.00 0.14 923.80 -25.480445 -49.271008 5
2019 6 29 18 5 40 1018.47 3088.82 1.88 32.14 0.00 0.14 923.80 -25.480445 -49.271008 5
2019 6 29 18 5 40 1018.47 3088.82 1.87 32.53 0.00 0.14 923.80 -25.480445 -49.271008 5
2019 6 29 18 5 40 1018.47 3088.82 1.84 33.02 0.00 0.14 923.80 -25.480445 -49.271008 5
2019 6 29 18 5 40 1018.47 3088.82 1.77 33.62 0.00 0.14 923.80 -25.480445 -49.271008 5
2019 6 29 18 5 40 1018.47 3088.82 1.73 34.10 0.00 0.14 923.80 -25.480445 -49.271008 5
2019 6 29 18 5 40 1018.47 3088.82 1.64 34.84 0.00 0.14 923.80 -25.480445 -49.271008 5
2019 6 29 18 5 40 1018.47 3088.82 1.64 35.11 0.00 0.14 923.80 -25.480445 -49.271008 5
2019 6 29 18 5 40 1018.47 3088.82 1.65 35.38 0.00 0.14 923.80 -25.480445 -49.271008 5
2019 6 29 18 5 40 1018.47 3088.82 1.62 35.87 0.00 0.14 923.80 -25.480445 -49.271008 5
2019 6 29 18 5 40 1018.47 3088.82 1.59 36.27 0.00 0.14 923.80 -25.480445 -49.271008 5
2019 6 29 18 5 40 1018.47 3088.82 1.61 36.31 0.00 0.14 923.80 -25.480445 -49.271008 5
2019 6 29 18 5 41 1018.47 3088.82 1.55 36.42 0.00 0.39 922.80 -25.480447 -49.271011 5
2019 6 29 18 5 41 1018.47 3088.82 1.52 36.47 0.00 0.39 922.80 -25.480447 -49.271011 5
2019 6 29 18 5 41 1018.47 3088.82 1.50 36.30 0.00 0.39 922.80 -25.480447 -49.271011 5
2019 6 29 18 5 41 1018.47 3088.82 1.52 36.00 0.00 0.39 922.80 -25.480447 -49.271011 5
2019 6 29 18 5 41 1018.47 3088.82 1.55 35.54 0.00 0.39 922.80 -25.480447 -49.271011 5
2019 6 29 18 5 41 1018.47 3088.82 1.55 34.93 0.00 0.39 922.80 -25.480447 -49.271011 5
2019 6 29 18 5 41 1018.47 3088.82 1.55 32.87 0.00 0.39 922.80 -25.480447 -49.271011 5
2019 6 29 18 5 41 1018.47 3088.82 1.55 31.83 0.00 0.39 922.80 -25.480447 -49.271011 5
2019 6 29 18 5 41 1018.47 3088.82 1.54 30.77 0.00 0.39 922.80 -25.480447 -49.271011 5
2019 6 29 18 5 41 1018.47 3088.82 1.57 29.58 0.00 0.39 922.80 -25.480447 -49.271011 5
2019 6 29 18 5 41 1018.47 3088.82 1.61 28.33 0.00 0.39 922.80 -25.480447 -49.271011 5
2019 6 29 18 5 41 1018.47 3088.82 1.64 26.33 0.00 0.39 922.80 -25.480447 -49.271011 5
2019 6 29 18 5 41 1018.47 3088.82 1.65 25.32 0.00 0.39 922.80 -25.480447 -49.271011 5
2019 6 29 18 5 41 1018.47 3088.82 1.68 24.26 0.00 0.39 922.80 -25.480447 -49.271011 5
2019 6 29 18 5 41 1018.47 3088.82 1.74 23.15 0.00 0.39 922.80 -25.480447 -49.271011 5
2019 6 29 18 5 41 1018.47 3088.82 1.77 22.01 0.00 0.39 922.80 -25.480447 -49.271011 5
2019 6 29 18 5 41 1018.47 3088.82 1.80 20.87 0.00 0.39 922.80 -25.480447 -49.271011 5
2019 6 29 18 5 41 1018.47 3088.82 1.78 18.98 0.00 0.39 922.80 -25.480447 -49.271011 5
2019 6 29 18 5 41 1018.47 3088.82 1.78 17.96 0.00 0.39 922.80 -25.480447 -49.271011 5
2019 6 29 18 5 41 1018.47 3088.82 1.80 16.91 0.00 0.39 922.80 -25.480447 -49.271011 5
2019 6 29 18 5 41 1018.47 3088.82 1.82 15.92 0.00 0.39 922.80 -25.480447 -49.271011 5
2019 6 29 18 5 41 1018.47 3088.82 1.82 15.16 0.00 0.39 922.80 -25.480447 -49.271011 5
2019 6 29 18 5 41 1018.47 3088.82 1.78 14.60 0.00 0.39 922.80 -25.480447 -49.271011 5
2019 6 29 18 5 41 1018.47 3088.82 1.84 12.63 0.00 0.39 922.80 -25.480447 -49.271011 5
2019 6 29 18 5 41 1018.47 3088.82 1.89 11.56 0.00 0.39 922.80 -25.480447 -49.271011 5
2019 6 29 18 5 41 1018.47 3088.82 1.91 10.64 0.00 0.39 922.80 -25.480447 -49.271011 5
2019 6 29 18 5 41 1018.47 3088.82 1.93 9.64 0.00 0.39 922.80 -25.480447 -49.271011 5
2019 6 29 18 5 41 1018.47 3088.82 1.96 8.57 0.00 0.39 922.80 -25.480447 -49.271011 5
2019 6 29 18 5 41 1018.47 3088.82 1.99 7.39 0.00 0.39 922.80 -25.480447 -49.271011 5
2019 6 29 18 5 42 1018.47 3088.82 1.84 4.95 0.00 0.05 921.80 -25.480449 -49.271017 5
2019 6 29 18 5 42 1018.47 3088.82 1.83 4.35 0.00 0.05 921.80 -25.480449 -49.271017 5
2019 6 29 18 5 42 1018.47 3088.82 1.84 3.59 0.00 0.05 921.80 -25.480449 -49.271017 5
2019 6 29 18 5 42 1018.47 3088.82 1.82 2.73 0.00 0.05 921.80 -25.480449 -49.271017 5
2019 6 29 18 5 42 1018.47 3088.82 1.84 1.87 0.00 0.05 921.80 -25.480449 -49.271017 5
2019 6 29 18 5 42 1018.47 3088.82 1.84 1.17 0.00 0.05 921.80 -25.480449 -49.271017 5
2019 6 29 18 5 42 1018.47 3088.82 1.79 -0.50 0.00 0.05 921.80 -25.480449 -49.271017 5
2019 6 29 18 5 42 1018.47 3088.82 1.80 -1.50 0.00 0.05 921.80 -25.480449 -49.271017 5
2019 6 29 18 5 42 1018.47 3088.82 1.84 -2.01 0.00 0.05 921.80 -25.480449 -49.271017 5
2019 6 29 18 5 42 1018.47 3088.82 1.84 -2.27 0.00 0.05 921.80 -25.480449 -49.271017 5
2019 6 29 18 5 42 1018.47 3088.82 1.87 -2.79 0.00 0.05 921.80 -25.480449 -49.271017 5
2019 6 29 18 5 42 1018.47 3088.82 1.95 -3.51 0.00 0.05 921.80 -25.480449 -49.271017 5
2019 6 29 18 5 42 1018.47 3088.82 2.09 -4.27 0.00 0.05 921.80 -25.480449 -49.271017 5
2019 6 29 18 5 42 1018.47 3088.82 2.16 -4.53 0.00 0.05 921.80 -25.480449 -49.271017 5
2019 6 29 18 5 42 1018.47 3088.82 2.18 -4.62 0.00 0.05 921.80 -25.480449 -49.271017 5
2019 6 29 18 5 42 1018.47 3088.82 2.21 -4.71 0.00 0.05 921.80 -25.480449 -49.271017 5
2019 6 29 18 5 42 1018.47 3088.82 2.23 -4.75 0.00 0.05 921.80 -25.480449 -49.271017 5
2019 6 29 18 5 42 1018.47 3088.82 2.24 -4.79 0.00 0.05 921.80 -25.480449 -49.271017 5
2019 6 29 18 5 42 1018.47 3088.82 2.44 -4.74 0.00 0.05 921.80 -25.480449 -49.271017 5
2019 6 29 18 5 42 1018.47 3088.82 2.73 -4.61 0.00 0.05 921.80 -25.480449 -49.271017 5
2019 6 29 18 5 42 1018.47 3088.82 3.13 -4.51 0.00 0.05 921.80 -25.480449 -49.271017 5
2019 6 29 18 5 42 1018.47 3088.82 3.61 -4.35 0.00 0.05 921.80 -25.480449 -49.271017 5
2019 6 29 18 5 42 1018.47 3088.82 4.02 -4.34 0.00 0.05 921.80 -25.480449 -49.271017 5
2019 6 29 18 5 42 1018.47 3088.82 4.44 -4.27 0.00 0.05 921.80 -25.480449 -49.271017 5
2019 6 29 18 5 42 1018.47 3088.82 5.26 -4.13 0.00 0.05 921.80 -25.480449 -49.271017 5
2019 6 29 18 5 42 1018.47 3088.82 5.71 -4.12 0.00 0.05 921.80 -25.480449 -49.271017 5
2019 6 29 18 5 42 1018.47 3088.82 6.19 -4.12 0.00 0.05 921.80 -25.480449 -49.271017 5
2019 6 29 18 5 42 1018.47 3088.82 6.82 -4.09 0.00 0.05 921.80 -25.480449 -49.271017 5
2019 6 29 18 5 42 1018.47 3088.82 7.39 -4.00 0.00 0.05 921.80 -25.480449 -49.271017 5
2019 6 29 18 5 42 1018.47 3088.82 7.84 -4.10 0.00 0.05 921.80 -25.480449 -49.271017 5
2019 6 29 18 5 43 1018.47 3088.82 8.93 -4.15 0.00 0.15 920.90 -25.480451 -49.271022 5
2019 6 29 18 5 43 1018.47 3088.82 9.45 -4.17 0.00 0.15 920.90 -25.480451 -49.271022 5
2019 6 29 18 5 43 1018.46 3088.80 9.95 -4.26 0.00 0.15 920.90 -25.480451 -49.271022 5
2019 6 29 18 5 43 1018.46 3088.80 10.54 -4.28 0.00 0.15 920.90 -25.480451 -49.271022 5
2019 6 29 18 5 43 1018.46 3088.80 11.15 -4.32 0.00 0.15 920.90 -25.480451 -49.271022 5
2019 6 29 18 5 43 1018.46 3088.80 11.63 -4.50 0.00 0.15 920.90 -25.480451 -49.271022 5
2019 6 29 18 5 43 1018.46 3088.80 12.67 -4.90 0.00 0.15 920.90 -25.480451 -49.271022 5
2019 6 29 18 5 43 1018.46 3088.80 13.23 -4.99 0.00 0.15 920.90 -25.480451 -49.271022 5
2019 6 29 18 5 43 1018.46 3088.80 13.79 -5.07 0.00 0.15 920.90 -25.480451 -49.271022 5
2019 6 29 18 5 43 1018.46 3088.80 14.28 -5.24 0.00 0.15 920.90 -25.480451 -49.271022 5
2019 6 29 18 5 43 1018.46 3088.80 14.72 -5.44 0.00 0.15 920.90 -25.480451 -49.271022 5
2019 6 29 18 5 43 1018.46 3088.80 15.60 -5.49 0.00 0.15 920.90 -25.480451 -49.271022 5
2019 6 29 18 5 43 1018.46 3088.80 16.02 -5.56 0.00 0.15 920.90 -25.480451 -49.271022 5
2019 6 29 18 5 43 1018.46 3088.80 16.45 -5.79 0.00 0.15 920.90 -25.480451 -49.271022 5
2019 6 29 18 5 43 1018.46 3088.80 16.97 -5.85 0.00 0.15 920.90 -25.480451 -49.271022 5
2019 6 29 18 5 43 1018.46 3088.80 17.52 -5.91 0.00 0.15 920.90 -25.480451 -49.271022 5
2019 6 29 18 5 43 1018.46 3088.80 18.08 -6.03 0.00 0.15 920.90 -25.480451 -49.271022 5
2019 6 29 18 5 43 1018.46 3088.80 18.68 -6.98 0.00 0.15 920.90 -25.480451 -49.271022 5
2019 6 29 18 5 43 1018.46 3088.81 18.93 -7.43 0.00 0.15 920.90 -25.480451 -49.271022 5
2019 6 29 18 5 43 1018.46 3088.81 19.28 -7.52 0.00 0.15 920.90 -25.480451 -49.271022 5
2019 6 29 18 5 43 1018.46 3088.81 19.70 -7.49 0.00 0.15 920.90 -25.480451 -49.271022 5
2019 6 29 18 5 43 1018.46 3088.81 20.09 -7.60 0.00 0.15 920.90 -25.480451 -49.271022 5
2019 6 29 18 5 43 1018.46 3088.81 20.43 -7.79 0.00 0.15 920.90 -25.480451 -49.271022 5
2019 6 29 18 5 43 1018.46 3088.81 21.18 -7.75 0.00 0.15 920.90 -25.480451 -49.271022 5
2019 6 29 18 5 43 1018.46 3088.81 21.44 -7.92 0.00 0.15 920.90 -25.480451 -49.271022 5
2019 6 29 18 5 43 1018.46 3088.81 21.70 -8.10 0.00 0.15 920.90 -25.480451 -49.271022 5
2019 6 29 18 5 43 1018.46 3088.81 21.98 -8.17 0.00 0.15 920.90 -25.480451 -49.271022 5
2019 6 29 18 5 43 1018.46 3088.81 22.20 -8.29 0.00 0.15 920.90 -25.480451 -49.271022 5
2019 6 29 18 5 43 1018.46 3088.81 22.46 -8.56 0.00 0.15 920.90 -25.480451 -49.271022 5
2019 6 29 18 5 44 1018.46 3088.81 23.41 -8.76 0.00 0.06 919.70 -25.480455 -49.271028 5
2019 6 29 18 5 44 1018.46 3088.81 23.67 -8.75 0.00 0.06 919.70 -25.480455 -49.271028 5
2019 6 29 18 5 44 1018.46 3088.81 23.81 -8.77 0.00 0.06 919.70 -25.480455 -49.271028 5
2019 6 29 18 5 44 1018.46 3088.80 23.75 -8.73 0.00 0.06 919.70 -25.480455 -49.271028 5
2019 6 29 18 5 44 1018.46 3088.80 23.57 -8.52 0.00 0.06 919.70 -25.480455 -49.271028 5
2019 6 29 18 5 44 1018.46 3088.80 23.28 -8.28 0.00 0.06 919.70 -25.480455 -49.271028 5
2019 6 29 18 5 44 1018.46 3088.80 22.34 -7.43 0.00 0.06 919.70 -25.480455 -49.271028 5
2019 6 29 18 5 44 1018.46 3088.80 21.74 -7.03 0.00 0.06 919.70 -25.480455 -49.271028 5
2019 6 29 18 5 44 1018.46 3088.80 21.12 -6.55 0.00 0.06 919.70 -25.480455 -49.271028 5
2019 6 29 18 5 44 1018.46 3088.80 20.50 -6.09 0.00 0.06 919.70 -25.480455 -49.271028 5
2019 6 29 18 5 44 1018.46 3088.80 19.70 -6.01 0.00 0.06 919.70 -25.480455 -49.271028 5
2019 6 29 18 5 44 1018.46 3088.80 18.45 -5.65 0.00 0.06 919.70 -25.480455 -49.271028 5
2019 6 29 18 5 44 1018.46 3088.80 17.78 -5.58 0.00 0.06 919.70 -25.480455 -49.271028 5
2019 6 29 18 5 44 1018.46 3088.80 17.17 -5.44 0.00 0.06 919.70 -25.480455 -49.271028 5
2019 6 29 18 5 44 1018.46 3088.80 16.64 -5.35 0.00 0.06 919.70 -25.480455 -49.271028 5
2019 6 29 18 5 44 1018.46 3088.80 16.09 -5.34 0.00 0.06 919.70 -25.480455 -49.271028 5
2019 6 29 18 5 44 1018.46 3088.80 15.48 -5.31 0.00 0.06 919.70 -25.480455 -49.271028 5
2019 6 29 18 5 44 1018.46 3088.80 14.32 -5.20 0.00 0.06 919.70 -25.480455 -49.271028 5
2019 6 29 18 5 44 1018.46 3088.80 13.66 -5.25 0.00 0.06 919.70 -25.480455 -49.271028 5
2019 6 29 18 5 44 1018.46 3088.80 12.92 -5.30 0.00 0.06 919.70 -25.480455 -49.271028 5
2019 6 29 18 5 44 1018.46 3088.80 12.14 -5.31 0.00 0.06 919.70 -25.480455 -49.271028 5
2019 6 29 18 5 44 1018.46 3088.80 11.42 -5.26 0.00 0.06 919.70 -25.480455 -49.271028 5
2019 6 29 18 5 44 1018.46 3088.80 10.75 -5.30 0.00 0.06 919.70 -25.480455 -49.271028 5
2019 6 29 18 5 44 1018.46 3088.80 9.23 -5.43 0.00 0.06 919.70 -25.480455 -49.271028 5
2019 6 29 18 5 44 1018.46 3088.80 8.48 -5.46 0.00 0.06 919.70 -25.480455 -49.271028 5
2019 6 29 18 5 44 1018.46 3088.80 7.69 -5.57 0.00 0.06 919.70 -25.480455 -49.271028 5
2019 6 29 18 5 44 1018.46 3088.80 6.94 -5.65 0.00 0.06 919.70 -25.480455 -49.271028 5
2019 6 29 18 5 44 1018.46 3088.80 6.21 -5.62 0.00 0.06 919.70 -25.480455 -49.271028 5
2019 6 29 18 5 44 1018.46 3088.80 5.55 -5.67 0.00 0.06 919.70 -25.480455 -49.271028 5
2019 6 29 18 5 44 1018.46 3088.80 4.55 -5.74 0.00 0.06 919.70 -25.480455 -49.271028 5
2019 6 29 18 5 45 1018.46 3088.80 3.96 -5.81 0.00 0.03 918.20 -25.480456 -49.271031 5
2019 6 29 18 5 45 1018.46 3088.80 3.44 -5.90 0.00 0.03 918.20 -25.480456 -49.271031 5
2019 6 29 18 5 45 1018.46 3088.80 2.96 -5.95 0.00 0.03 918.20 -25.480456 -49.271031 5
2019 6 29 18 5 45 1018.46 3088.80 2.52 -5.90 0.00 0.03 918.20 -25.480456 -49.271031 5
2019 6 29 18 5 45 1018.46 3088.80 2.04 -6.00 0.00 0.03 918.20 -25.480456 -49.271031 5
2019 6 29 18 5 45 1018.46 3088.81 1.95 -4.73 0.00 0.03 918.20 -25.480456 -49.271031 5
2019 6 29 18 5 45 1018.46 3088.81 1.96 -4.22 0.00 0.03 918.20 -25.480456 -49.271031 5
2019 6 29 18 5 45 1018.46 3088.81 1.95 -4.15 0.00 0.03 918.20 -25.480456 -49.271031 5
2019 6 29 18 5 45 1018.46 3088.81 1.97 -4.08 0.00 0.03 918.20 -25.480456 -49.271031 5
2019 6 29 18 5 45 1018.46 3088.81 1.98 -4.04 0.00 0.03 918.20 -25.480456 -49.271031 5
2019 6 29 18 5 45 1018.46 3088.81 1.98 -4.02 0.00 0.03 918.20 -25.480456 -49.271031 5
2019 6 29 18 5 45 1018.46 3088.81 1.97 -4.05 0.00 0.03 918.20 -25.480456 -49.271031 5
2019 6 29 18 5 45 1018.46 3088.81 1.99 -4.06 0.00 0.03 918.20 -25.480456 -49.271031 5
2019 6 29 18 5 45 1018.46 3088.81 1.99 -4.08 0.00 0.03 918.20 -25.480456 -49.271031 5
2019 6 29 18 5 45 1018.46 3088.81 2.01 -4.06 0.00 0.03 918.20 -25.480456 -49.271031 5
2019 6 29 18 5 45 1018.46 3088.81 2.01 -4.04 0.00 0.03 918.20 -25.480456 -49.271031 5
2019 6 29 18 5 45 1018.46 3088.81 2.00 -4.05 0.00 0.03 918.20 -25.480456 -49.271031 5
2019 6 29 18 5 45 1018.46 3088.81 2.12 -6.19 0.00 0.03 918.20 -25.480456 -49.271031 5
2019 6 29 18 5 45 1018.46 3088.81 2.25 -7.09 0.00 0.03 918.20 -25.480456 -49.271031 5
2019 6 29 18 5 45 1018.46 3088.86 2.34 -7.56 0.00 0.03 918.20 -25.480456 -49.271031 5
2019 6 29 18 5 45 1018.46 3088.80 2.42 -7.91 0.00 0.03 918.20 -25.480456 -49.271031 5
2019 6 29 18 5 45 1018.46 3088.80 2.46 -8.38 0.00 0.03 918.20 -25.480456 -49.271031 5
2019 6 29 18 5 45 1018.46 3088.80 2.53 -9.14 0.00 0.03 918.20 -25.480456 -49.271031 5
2019 6 29 18 5 45 1018.46 3088.80 2.49 -9.79 0.00 0.03 918.20 -25.480456 -49.271031 5
2019 6 29 18 5 45 1018.46 3088.80 2.59 -9.81 0.00 0.03 918.20 -25.480456 -49.271031 5
2019 6 29 18 5 45 1018.46 3088.80 2.60 -10.31 0.00 0.03 918.20 -25.480456 -49.271031 5
2019 6 29 18 5 45 1018.46 3088.80 2.68 -10.93 0.00 0.03 918.20 -25.480456 -49.271031 5
2019 6 29 18 5 45 1018.46 3088.80 2.65 -11.59 0.00 0.03 918.20 -25.480456 -49.271031 5
2019 6 29 18 5 46 1018.46 3088.80 2.65 -12.06 0.00 0.02 916.40 -25.480457 -49.271038 5
2019 6 29 18 5 46 1018.46 3088.80 2.64 -12.59 0.00 0.02 916.40 -25.480457 -49.271038 5
2019 6 29 18 5 46 1018.46 3088.80 2.68 -13.42 0.00 0.02 916.40 -25.480457 -49.271038 5
2019 6 29 18 5 46 1018.46 3088.80 2.72 -14.28 0.00 0.02 916.40 -25.480457 -49.271038 5
2019 6 29 18 5 46 1018.46 3088.80 2.72 -15.09 0.00 0.02 916.40 -25.480457 -49.271038 5
2019 6 29 18 5 46 1018.46 3088.80 2.71 -15.78 0.00 0.02 916.40 -25.480457 -49.271038 5
2019 6 29 18 5 46 1018.46 3088.80 2.73 -17.39 0.00 0.02 916.40 -25.480457 -49.271038 5
2019 6 29 18 5 46 1018.46 3088.80 2.76 -17.96 0.00 0.02 916.40 -25.480457 -49.271038 5
2019 6 29 18 5 46 1018.46 3088.80 2.79 -18.69 0.00 0.02 916.40 -25.480457 -49.271038 5
2019 6 29 18 5 46 1018.46 3088.80 2.81 -19.62 0.00 0.02 916.40 -25.480457 -49.271038 5
2019 6 29 18 5 46 1018.46 3088.80 2.87 -20.44 0.00 0.02 916.40 -25.480457 -49.271038 5
2019 6 29 18 5 46 1018.46 3088.80 3.01 -21.16 0.00 0.02 916.40 -25.480457 -49.271038 5
2019 6 29 18 5 46 1018.46 3088.80 3.02 -22.83 0.00 0.02 916.40 -25.480457 -49.271038 5
2019 6 29 18 5 46 1018.46 3088.80 3.07 -23.27 0.00 0.02 916.40 -25.480457 -49.271038 5
2019 6 29 18 5 46 1018.46 3088.80 3.12 -23.51 0.00 0.02 916.40 -25.480457 -49.271038 5
2019 6 29 18 5 46 1018.46 3088.80 3.15 -23.96 0.00 0.02 916.40 -25.480457 -49.271038 5
2019 6 29 18 5 46 1018.46 3088.80 3.16 -24.52 0.00 0.02 916.40 -25.480457 -49.271038 5
2019 6 29 18 5 46 1018.46 3088.80 3.29 -25.00 0.00 0.02 916.40 -25.480457 -49.271038 5
2019 6 29 18 5 46 1018.46 3088.80 3.37 -26.36 0.00 0.02 916.40 -25.480457 -49.271038 5
2019 6 29 18 5 46 1018.46 3088.80 3.43 -27.07 0.00 0.02 916.40 -25.480457 -49.271038 5
2019 6 29 18 5 46 1018.46 3088.80 3.45 -27.64 0.00 0.02 916.40 -25.480457 -49.271038 5
2019 6 29 18 5 46 1018.46 3088.80 3.57 -27.92 0.00 0.02 916.40 -25.480457 -49.271038 5
2019 6 29 18 5 46 1018.46 3088.80 3.67 -28.19 0.00 0.02 916.40 -25.480457 -49.271038 5
2019 6 29 18 5 46 1018.46 3088.80 3.74 -28.68 0.00 0.02 916.40 -25.480457 -49.271038 5
2019 6 29 18 5 46 1018.46 3088.80 3.91 -29.06 0.00 0.02 916.40 -25.480457 -49.271038 5
2019 6 29 18 5 46 1018.46 3088.80 3.93 -29.29 0.00 0.02 916.40 -25.480457 -49.271038 5
2019 6 29 18 5 46 1018.46 3088.80 3.87 -29.55 0.00 0.02 916.40 -25.480457 -49.271038 5
2019 6 29 18 5 46 1018.46 3088.80 3.88 -29.58 0.00 0.02 916.40 -25.480457 -49.271038 5
2019 6 29 18 5 46 1018.46 3088.80 3.85 -29.81 0.00 0.02 916.40 -25.480457 -49.271038 5
2019 6 29 18 5 46 1018.46 3088.80 3.85 -30.21 0.00 0.02 916.40 -25.480457 -49.271038 5
2019 6 29 18 5 46 1018.46 3088.80 3.77 -30.60 0.00 0.02 916.40 -25.480457 -49.271038 5
2019 6 29 18 5 47 1018.46 3088.80 3.80 -30.99 0.00 0.08 915.60 -25.480456 -49.271038 5
2019 6 29 18 5 47 1018.46 3088.80 3.70 -31.68 0.00 0.08 915.60 -25.480456 -49.271038 5
2019 6 29 18 5 47 1018.46 3088.80 3.54 -31.96 0.00 0.08 915.60 -25.480456 -49.271038 5
2019 6 29 18 5 47 1018.46 3088.80 3.48 -31.40 0.00 0.08 915.60 -25.480456 -49.271038 5
2019 6 29 18 5 47 1018.46 3088.80 3.24 -31.79 0.00 0.08 915.60 -25.480456 -49.271038 5
2019 6 29 18 5 47 1018.46 3088.80 3.18 -31.99 0.00 0.08 915.60 -25.480456 -49.271038 5
2019 6 29 18 5 47 1018.46 3088.80 3.18 -32.17 0.00 0.08 915.60 -25.480456 -49.271038 5
2019 6 29 18 5 47 1018.46 3088.80 3.19 -32.57 0.00 0.08 915.60 -25.480456 -49.271038 5
2019 6 29 18 5 47 1018.46 3088.80 3.17 -33.02 0.00 0.08 915.60 -25.480456 -49.271038 5
2019 6 29 18 5 47 1018.46 3088.80 3.21 -33.15 0.00 0.08 915.60 -25.480456 -49.271038 5
2019 6 29 18 5 47 1018.46 3088.80 3.35 -33.22 0.00 0.08 915.60 -25.480456 -49.271038 5
2019 6 29 18 5 47 1018.46 3088.80 3.36 -33.41 0.00 0.08 915.60 -25.480456 -49.271038 5
2019 6 29 18 5 47 1018.46 3088.80 3.42 -33.51 0.00 0.08 915.60 -25.480456 -49.271038 5
2019 6 29 18 5 47 1018.46 3088.80 3.47 -33.59 0.00 0.08 915.60 -25.480456 -49.271038 5
2019 6 29 18 5 47 1018.46 3088.80 3.47 -33.71 0.00 0.08 915.60 -25.480456 -49.271038 5
2019 6 29 18 5 47 1018.46 3088.80 3.45 -33.91 0.00 0.08 915.60 -25.480456 -49.271038 5
2019 6 29 18 5 47 1018.46 3088.80 3.50 -33.94 0.00 0.08 915.60 -25.480456 -49.271038 5
2019 6 29 18 5 47 1018.46 3088.80 3.53 -33.92 0.00 0.08 915.60 -25.480456 -49.271038 5
2019 6 29 18 5 47 1018.46 3088.80 3.47 -34.01 0.00 0.08 915.60 -25.480456 -49.271038 5
2019 6 29 18 5 47 1018.46 3088.80 3.46 -33.94 0.00 0.08 915.60 -25.480456 -49.271038 5
2019 6 29 18 5 47 1018.46 3088.80 3.46 -33.84 0.00 0.08 915.60 -25.480456 -49.271038 5
2019 6 29 18 5 47 1018.46 3088.80 3.47 -33.93 0.00 0.08 915.60 -25.480456 -49.271038 5
2019 6 29 18 5 47 1018.46 3088.80 3.45 -33.73 0.00 0.08 915.60 -25.480456 -49.271038 5
2019 6 29 18 5 47 1018.46 3088.80 3.44 -33.57 0.00 0.08 915.60 -25.480456 -49.271038 5
2019 6 29 18 5 47 1018.46 3088.80 3.45 -33.33 0.00 0.08 915.60 -25.480456 -49.271038 5
2019 6 29 18 5 47 1018.46 3088.79 3.43 -33.13 0.00 0.08 915.60 -25.480456 -49.271038 5
2019 6 29 18 5 47 1018.46 3088.79 3.42 -32.99 0.00 0.08 915.60 -25.480456 -49.271038 5
2019 6 29 18 5 47 1018.46 3088.79 3.42 -32.83 0.00 0.08 915.60 -25.480456 -49.271038 5
2019 6 29 18 5 47 1018.46 3088.79 3.38 -33.09 0.00 0.08 915.60 -25.480456 -49.271038 5
2019 6 29 18 5 47 1018.46 3088.79 3.36 -33.17 0.00 0.08 915.60 -25.480456 -49.271038 5
2019 6 29 18 5 47 1018.46 3088.79 3.36 -33.21 0.00 0.08 915.60 -25.480456 -49.271038 5
2019 6 29 18 5 48 1018.46 3088.79 3.35 -33.31 0.00 0.12 914.00 -25.480458 -49.271042 5
2019 6 29 18 5 48 1018.46 3088.79 3.34 -33.41 0.00 0.12 914.00 -25.480458 -49.271042 5
2019 6 29 18 5 48 1018.46 3088.79 3.31 -33.09 0.00 0.12 914.00 -25.480458 -49.271042 5
2019 6 29 18 5 48 1018.46 3088.79 3.28 -32.96 0.00 0.12 914.00 -25.480458 -49.271042 5
2019 6 29 18 5 48 1018.46 3088.79 3.27 -32.86 0.00 0.12 914.00 -25.480458 -49.271042 5
2019 6 29 18 5 48 1018.46 3088.79 3.29 -32.73 0.00 0.12 914.00 -25.480458 -49.271042 5
2019 6 29 18 5 48 1018.46 3088.79 3.29 -32.67 0.00 0.12 914.00 -25.480458 -49.271042 5
2019 6 29 18 5 48 1018.46 3088.79 3.30 -32.64 0.00 0.12 914.00 -25.480458 -49.271042 5
2019 6 29 18 5 48 1018.46 3088.79 3.27 -33.07 0.00 0.12 914.00 -25.480458 -49.271042 5
2019 6 29 18 5 48 1018.46 3088.79 3.26 -33.14 0.00 0.12 914.00 -25.480458 -49.271042 5
2019 6 29 18 5 48 1018.46 3088.79 3.24 -33.08 0.00 0.12 914.00 -25.480458 -49.271042 5
2019 6 29 18 5 48 1018.46 3088.79 3.24 -33.07 0.00 0.12 914.00 -25.480458 -49.271042 5
2019 6 29 18 5 48 1018.46 3088.79 3.25 -33.14 0.00 0.12 914.00 -25.480458 -49.271042 5
2019 6 29 18 5 48 1018.46 3088.79 3.27 -33.17 0.00 0.12 914.00 -25.480458 -49.271042 5
2019 6 29 18 5 48 1018.46 3088.79 3.32 -33.26 0.00 0.12 914.00 -25.480458 -49.271042 5
2019 6 29 18 5 48 1018.46 3088.79 3.34 -33.15 0.00 0.12 914.00 -25.480458 -49.271042 5
2019 6 29 18 5 48 1018.46 3088.79 3.40 -33.00 0.00 0.12 914.00 -25.480458 -49.271042 5
2019 6 29 18 5 48 1018.46 3088.79 3.44 -32.93 0.00 0.12 914.00 -25.480458 -49.271042 5
2019 6 29 18 5 48 1018.46 3088.79 3.41 -33.09 0.00 0.12 914.00 -25.480458 -49.271042 5
2019 6 29 18 5 48 1018.46 3088.79 3.40 -33.36 0.00 0.12 914.00 -25.480458 -49.271042 5
2019 6 29 18 5 48 1018.46 3088.79 3.39 -33.94 0.00 0.12 914.00 -25.480458 -49.271042 5
2019 6 29 18 5 48 1018.46 3088.79 3.39 -34.12 0.00 0.12 914.00 -25.480458 -49.271042 5
2019 6 29 18 5 48 1018.46 3088.79 3.39 -34.31 0.00 0.12 914.00 -25.480458 -49.271042 5
2019 6 29 18 5 48 1018.46 3088.79 3.38 -34.54 0.00 0.12 914.00 -25.480458 -49.271042 5
2019 6 29 18 5 48 1018.46 3088.79 3.41 -34.71 0.00 0.12 914.00 -25.480458 -49.271042 5
2019 6 29 18 5 48 1018.46 3088.79 3.42 -34.81 0.00 0.12 914.00 -25.480458 -49.271042 5
2019 6 29 18 5 48 1018.46 3088.80 3.39 -34.78 0.00 0.12 914.00 -25.480458 -49.271042 5
2019 6 29 18 5 48 1018.46 3088.80 3.38 -34.67 0.00 0.12 914.00 -25.480458 -49.271042 5
2019 6 29 18 5 48 1018.46 3088.80 3.36 -34.68 0.00 0.12 914.00 -25.480458 -49.271042 5
2019 6 29 18 5 48 1018.46 3088.80 3.33 -34.65 0.00 0.12 914.00 -25.480458 -49.271042 5
2019 6 29 18 5 48 1018.46 3088.80 3.30 -34.43 0.00 0.12 914.00 -25.480458 -49.271042 5
2019 6 29 18 5 49 1018.46 3088.80 3.21 -33.94 0.00 0.07 912.00 -25.480460 -49.271043 5
2019 6 29 18 5 49 1018.46 3088.80 3.18 -33.71 0.00 0.07 912.00 -25.480460 -49.271043 5
2019 6 29 18 5 49 1018.46 3088.80 3.13 -33.49 0.00 0.07 912.00 -25.480460 -49.271043 5
2019 6 29 18 5 49 1018.46 3088.80 3.05 -33.11 0.00 0.07 912.00 -25.480460 -49.271043 5
2019 6 29 18 5 49 1018.46 3088.80 3.00 -32.59 0.00 0.07 912.00 -25.480460 -49.271043 5
2019 6 29 18 5 49 1018.46 3088.80 2.99 -32.03 0.00 0.07 912.00 -25.480460 -49.271043 5
2019 6 29 18 5 49 1018.46 3088.80 2.96 -30.93 0.00 0.07 912.00 -25.480460 -49.271043 5
2019 6 29 18 5 49 1018.46 3088.80 2.94 -30.14 0.00 0.07 912.00 -25.480460 -49.271043 5
2019 6 29 18 5 49 1018.46 3088.80 2.87 -29.21 0.00 0.07 912.00 -25.480460 -49.271043 5
2019 6 29 18 5 49 1018.46 3088.80 2.84 -28.28 0.00 0.07 912.00 -25.480460 -49.271043 5
2019 6 29 18 5 49 1018.46 3088.80 2.78 -27.27 0.00 0.07 912.00 -25.480460 -49.271043 5
2019 6 29 18 5 49 1018.46 3088.85 2.71 -26.04 0.00 0.07 912.00 -25.480460 -49.271043 5
2019 6 29 18 5 49 1018.46 3088.80 2.43 -22.21 0.00 0.07 912.00 -25.480460 -49.271043 5
2019 6 29 18 5 49 1018.46 3088.80 2.40 -21.48 0.00 0.07 912.00 -25.480460 -49.271043 5
2019 6 29 18 5 49 1018.46 3088.80 2.36 -20.78 0.00 0.07 912.00 -25.480460 -49.271043 5
2019 6 29 18 5 49 1018.46 3088.80 2.36 -20.15 0.00 0.07 912.00 -25.480460 -49.271043 5
2019 6 29 18 5 49 1018.46 3088.80 2.35 -19.58 0.00 0.07 912.00 -25.480460 -49.271043 5
2019 6 29 18 5 49 1018.46 3088.80 2.35 -19.00 0.00 0.07 912.00 -25.480460 -49.271043 5
2019 6 29 18 5 49 1018.46 3088.80 2.29 -17.86 0.00 0.07 912.00 -25.480460 -49.271043 5
2019 6 29 18 5 49 1018.46 3088.80 2.28 -17.18 0.00 0.07 912.00 -25.480460 -49.271043 5
2019 6 29 18 5 49 1018.46 3088.80 2.26 -16.47 0.00 0.07 912.00 -25.480460 -49.271043 5
2019 6 29 18 5 49 1018.46 3088.80 2.26 -15.64 0.00 0.07 912.00 -25.480460 -49.271043 5
2019 6 29 18 5 49 1018.46 3088.80 2.25 -14.78 0.00 0.07 912.00 -25.480460 -49.271043 5
2019 6 29 18 5 49 1018.46 3088.80 2.24 -13.93 0.00 0.07 912.00 -25.480460 -49.271043 5
2019 6 29 18 5 49 1018.46 3088.80 2.14 -12.71 0.00 0.07 912.00 -25.480460 -49.271043 5
2019 6 29 18 5 49 1018.46 3088.80 2.07 -12.12 0.00 0.07 912.00 -25.480460 -49.271043 5
2019 6 29 18 5 49 1018.46 3088.80 2.05 -11.38 0.00 0.07 912.00 -25.480460 -49.271043 5
2019 6 29 18 5 49 1018.46 3088.80 2.01 -10.62 0.00 0.07 912.00 -25.480460 -49.271043 5
2019 6 29 18 5 50 1018.46 3088.80 1.95 -10.00 0.00 0.05 912.00 -25.480459 -49.271045 5
2019 6 29 18 5 50 1018.46 3088.80 1.97 -9.34 0.00 0.05 912.00 -25.480459 -49.271045 5
2019 6 29 18 5 50 1018.46 3088.80 1.83 -8.46 0.00 0.05 912.00 -25.480459 -49.271045 5
2019 6 29 18 5 50 1018.46 3088.80 1.74 -7.73 0.00 0.05 912.00 -25.480459 -49.271045 5
2019 6 29 18 5 50 1018.46 3088.80 1.68 -6.84 0.00 0.05 912.00 -25.480459 -49.271045 5
2019 6 29 18 5 50 1018.46 3088.80 1.66 -6.26 0.00 0.05 912.00 -25.480459 -49.271045 5
2019 6 29 18 5 50 1018.46 3088.80 1.69 -6.17 0.00 0.05 912.00 -25.480459 -49.271045 5
2019 6 29 18 5 50 1018.46 3088.80 1.72 -6.34 0.00 0.05 912.00 -25.480459 -49.271045 5
2019 6 29 18 5 50 1018.46 3088.80 1.74 -6.33 0.00 0.05 912.00 -25.480459 -49.271045 5
2019 6 29 18 5 50 1018.46 3088.80 1.74 -6.26 0.00 0.05 912.00 -25.480459 -49.271045 5
2019 6 29 18 5 50 1018.46 3088.80 1.74 -6.17 0.00 0.05 912.00 -25.480459 -49.271045 5
2019 6 29 18 5 50 1018.46 3088.80 1.73 -5.99 0.00 0.05 912.00 -25.480459 -49.271045 5
2019 6 29 18 5 50 1018.46 3088.80 1.71 -5.79 0.00 0.05 912.00 -25.480459 -49.271045 5
2019 6 29 18 5 50 1018.46 3088.80 1.65 -5.56 0.00 0.05 912.00 -25.480459 -49.271045 5
2019 6 29 18 5 50 1018.46 3088.80 1.65 -5.43 0.00 0.05 912.00 -25.480459 -49.271045 5
2019 6 29 18 5 50 1018.46 3088.80 1.66 -5.33 0.00 0.05 912.00 -25.480459 -49.271045 5
2019 6 29 18 5 50 1018.46 3088.80 1.67 -5.23 0.00 0.05 912.00 -25.480459 -49.271045 5
2019 6 29 18 5 50 1018.46 3088.80 1.69 -5.13 0.00 0.05 912.00 -25.480459 -49.271045 5
2019 6 29 18 5 50 1018.46 3088.80 1.70 -5.09 0.00 0.05 912.00 -25.480459 -49.271045 5
2019 6 29 18 5 50 1018.46 3088.80 1.68 -4.93 0.00 0.05 912.00 -25.480459 -49.271045 5
2019 6 29 18 5 50 1018.46 3088.80 1.71 -4.86 0.00 0.05 912.00 -25.480459 -49.271045 5
2019 6 29 18 5 50 1018.46 3088.80 1.73 -4.76 0.00 0.05 912.00 -25.480459 -49.271045 5
2019 6 29 18 5 50 1018.46 3088.80 1.76 -4.56 0.00 0.05 912.00 -25.480459 -49.271045 5
2019 6 29 18 5 50 1018.46 3088.80 1.76 -4.25 0.00 0.05 912.00 -25.480459 -49.271045 5
2019 6 29 18 5 50 1018.46 3088.80 1.74 -4.16 0.00 0.05 912.00 -25.480459 -49.271045 5
2019 6 29 18 5 50 1018.46 3088.80 1.71 -4.08 0.00 0.05 912.00 -25.480459 -49.271045 5
2019 6 29 18 5 50 1018.46 3088.80 1.72 -3.97 0.00 0.05 912.00 -25.480459 -49.271045 5
2019 6 29 18 5 50 1018.46 3088.80 1.70 -3.91 0.00 0.05 912.00 -25.480459 -49.271045 5
2019 6 29 18 5 50 1018.46 3088.80 1.74 -3.91 0.00 0.05 912.00 -25.480459 -49.271045 5
2019 6 29 18 5 50 1018.46 3088.79 1.76 -3.76 0.00 0.05 912.00 -25.480459 -49.271045 5
2019 6 29 18 5 51 1018.46 3088.79 1.79 -3.55 0.00 0.09 911.30 -25.480461 -49.271047 5
2019 6 29 18 5 51 1018.46 3088.79 1.74 -3.23 0.00 0.09 911.30 -25.480461 -49.271047 5
2019 6 29 18 5 51 1018.46 3088.79 1.77 -3.10 0.00 0.09 911.30 -25.480461 -49.271047 5
2019 6 29 18 5 51 1018.46 3088.79 1.78 -2.69 0.00 0.09 911.30 -25.480461 -49.271047 5
2019 6 29 18 5 51 1018.46 3088.79 1.75 -2.30 0.00 0.09 911.30 -25.480461 -49.271047 5
2019 6 29 18 5 51 1018.46 3088.79 1.75 -1.92 0.00 0.09 911.30 -25.480461 -49.271047 5
2019 6 29 18 5 51 1018.46 3088.79 1.77 -1.28 0.00 0.09 911.30 -25.480461 -49.271047 5
2019 6 29 18 5 51 1018.46 3088.79 1.80 0.44 0.00 0.09 911.30 -25.480461 -49.271047 5
2019 6 29 18 5 51 1018.46 3088.79 1.85 1.15 0.00 0.09 911.30 -25.480461 -49.271047 5
2019 6 29 18 5 51 1018.46 3088.79 1.87 1.56 0.00 0.09 911.30 -25.480461 -49.271047 5
2019 6 29 18 5 51 1018.46 3088.79 1.90 1.81 0.00 0.09 911.30 -25.480461 -49.271047 5
2019 6 29 18 5 51 1018.46 3088.79 1.93 2.08 0.00 0.09 911.30 -25.480461 -49.271047 5
2019 6 29 18 5 51 1018.46 3088.79 1.96 2.53 0.00 0.09 911.30 -25.480461 -49.271047 5
2019 6 29 18 5 51 1018.46 3088.79 1.99 3.22 0.00 0.09 911.30 -25.480461 -49.271047 5
2019 6 29 18 5 51 1018.46 3088.79 2.02 3.74 0.00 0.09 911.30 -25.480461 -49.271047 5
2019 6 29 18 5 51 1018.46 3088.80 2.01 4.56 0.00 0.09 911.30 -25.480461 -49.271047 5
2019 6 29 18 5 51 1018.46 3088.80 2.01 5.17 0.00 0.09 911.30 -25.480461 -49.271047 5
2019 6 29 18 5 51 1018.46 3088.80 2.02 5.58 0.00 0.09 911.30 -25.480461 -49.271047 5
2019 6 29 18 5 51 1018.46 3088.80 2.01 5.94 0.00 0.09 911.30 -25.480461 -49.271047 5
2019 6 29 18 5 51 1018.46 3088.80 1.96 6.16 0.00 0.09 911.30 -25.480461 -49.271047 5
2019 6 29 18 5 51 1018.46 3088.80 1.95 6.43 0.00 0.09 911.30 -25.480461 -49.271047 5
2019 6 29 18 5 51 1018.46 3088.80 1.91 6.85 0.00 0.09 911.30 -25.480461 -49.271047 5
2019 6 29 18 5 51 1018.46 3088.80 1.91 7.17 0.00 0.09 911.30 -25.480461 -49.271047 5
2019 6 29 18 5 51 1018.46 3088.80 1.90 7.61 0.00 0.09 911.30 -25.480461 -49.271047 5
2019 6 29 18 5 51 1018.46 3088.80 1.87 8.05 0.00 0.09 911.30 -25.480461 -49.271047 5
2019 6 29 18 5 51 1018.46 3088.80 1.83 8.42 0.00 0.09 911.30 -25.480461 -49.271047 5
2019 6 29 18 5 51 1018.46 3088.80 1.82 8.43 0.00 0.09 911.30 -25.480461 -49.271047 5
2019 6 29 18 5 51 1018.46 3088.80 1.81 8.46 0.00 0.09 911.30 -25.480461 -49.271047 5
2019 6 29 18 5 51 1018.46 3088.80 1.79 8.65 0.00 0.09 911.30 -25.480461 -49.271047 5
2019 6 29 18 5 51 1018.46 3088.80 1.77 8.98 0.00 0.09 911.30 -25.480461 -49.271047 5
2019 6 29 18 5 51 1018.46 3088.80 1.73 9.41 0.00 0.09 911.30 -25.480461 -49.271047 5
2019 6 29 18 5 52 1018.46 3088.80 1.57 11.13 0.00 0.05 910.90 -25.480462 -49.271049 5
2019 6 29 18 5 52 1018.46 3088.80 1.55 11.48 0.00 0.05 910.90 -25.480462 -49.271049 5
2019 6 29 18 5 52 1018.46 3088.80 1.53 11.85 0.00 0.05 910.90 -25.480462 -49.271049 5
2019 6 29 18 5 52 1018.46 3088.80 1.52 12.27 0.00 0.05 910.90 -25.480462 -49.271049 5
2019 6 29 18 5 52 1018.46 3088.80 1.48 12.73 0.00 0.05 910.90 -25.480462 -49.271049 5
2019 6 29 18 5 52 1018.46 3088.80 1.43 13.19 0.00 0.05 910.90 -25.480462 -49.271049 5
2019 6 29 18 5 52 1018.46 3088.80 1.33 14.35 0.00 0.05 910.90 -25.480462 -49.271049 5
2019 6 29 18 5 52 1018.46 3088.80 1.28 14.97 0.00 0.05 910.90 -25.480462 -49.271049 5
2019 6 29 18 5 52 1018.46 3088.80 1.25 15.44 0.00 0.05 910.90 -25.480462 -49.271049 5
2019 6 29 18 5 52 1018.46 3088.80 1.26 15.69 0.00 0.05 910.90 -25.480462 -49.271049 5
2019 6 29 18 5 52 1018.46 3088.80 1.27 15.92 0.00 0.05 910.90 -25.480462 -49.271049 5
2019 6 29 18 5 52 1018.46 3088.80 1.19 16.48 0.00 0.05 910.90 -25.480462 -49.271049 5
2019 6 29 18 5 52 1018.46 3088.80 1.17 16.78 0.00 0.05 910.90 -25.480462 -49.271049 5
2019 6 29 18 5 52 1018.46 3088.80 1.17 17.08 0.00 0.05 910.90 -25.480462 -49.271049 5
2019 6 29 18 5 52 1018.46 3088.80 1.15 17.58 0.00 0.05 910.90 -25.480462 -49.271049 5
2019 6 29 18 5 52 1018.46 3088.80 1.11 18.24 0.00 0.05 910.90 -25.480462 -49.271049 5
2019 6 29 18 5 52 1018.46 3088.80 1.07 18.81 0.00 0.05 910.90 -25.480462 -49.271049 5
2019 6 29 18 5 52 1018.46 3088.80 1.06 19.38 0.00 0.05 910.90 -25.480462 -49.271049 5
2019 6 29 18 5 52 1018.46 3088.80 1.04 19.73 0.00 0.05 910.90 -25.480462 -49.271049 5
2019 6 29 18 5 52 1018.46 3088.80 1.04 19.97 0.00 0.05 910.90 -25.480462 -49.271049 5
2019 6 29 18 5 52 1018.46 3088.80 1.03 20.20 0.00 0.05 910.90 -25.480462 -49.271049 5
2019 6 29 18 5 52 1018.46 3088.80 1.02 20.39 0.00 0.05 910.90 -25.480462 -49.271049 5
2019 6 29 18 5 52 1018.46 3088.80 1.01 20.56 0.00 0.05 910.90 -25.480462 -49.271049 5
2019 6 29 18 5 52 1018.46 3088.80 0.94 21.18 0.00 0.05 910.90 -25.480462 -49.271049 5
2019 6 29 18 5 52 1018.46 3088.80 0.90 21.63 0.00 0.05 910.90 -25.480462 -49.271049 5
2019 6 29 18 5 52 1018.46 3088.80 0.88 22.03 0.00 0.05 910.90 -25.480462 -49.271049 5
2019 6 29 18 5 52 1018.46 3088.80 0.89 22.18 0.00 0.05 910.90 -25.480462 -49.271049 5
2019 6 29 18 5 52 1018.46 3088.80 0.88 22.41 0.00 0.05 910.90 -25.480462 -49.271049 5
2019 6 29 18 5 52 1018.46 3088.80 0.87 22.59 0.00 0.05 910.90 -25.480462 -49.271049 5
2019 6 29 18 5 53 1018.46 3088.80 0.77 23.29 0.00 0.09 910.90 -25.480461 -49.271049 5
2019 6 29 18 5 53 1018.46 3088.80 0.77 23.57 0.00 0.09 910.90 -25.480461 -49.271049 5
2019 6 29 18 5 53 1018.47 3088.81 0.78 23.87 0.00 0.09 910.90 -25.480461 -49.271049 5
2019 6 29 18 5 53 1018.47 3088.81 0.76 24.21 0.00 0.09 910.90 -25.480461 -49.271049 5
2019 6 29 18 5 53 1018.47 3088.81 0.78 24.35 0.00 0.09 910.90 -25.480461 -49.271049 5
2019 6 29 18 5 53 1018.47 3088.81 0.79 24.52 0.00 0.09 910.90 -25.480461 -49.271049 5
2019 6 29 18 5 53 1018.47 3088.81 0.73 24.84 0.00 0.09 910.90 -25.480461 -49.271049 5
2019 6 29 18 5 53 1018.47 3088.81 0.72 24.84 0.00 0.09 910.90 -25.480461 -49.271049 5
2019 6 29 18 5 53 1018.47 3088.81 0.74 24.77 0.00 0.09 910.90 -25.480461 -49.271049 5
2019 6 29 18 5 53 1018.47 3088.81 0.74 24.91 0.00 0.09 910.90 -25.480461 -49.271049 5
2019 6 29 18 5 53 1018.47 3088.81 0.72 25.24 0.00 0.09 910.90 -25.480461 -49.271049 5
2019 6 29 18 5 53 1018.47 3088.81 0.71 25.47 0.00 0.09 910.90 -25.480461 -49.271049 5
2019 6 29 18 5 53 1018.47 3088.81 0.67 25.84 0.00 0.09 910.90 -25.480461 -49.271049 5
2019 6 29 18 5 53 1018.47 3088.81 0.65 26.09 0.00 0.09 910.90 -25.480461 -49.271049 5
2019 6 29 18 5 53 1018.47 3088.81 0.64 26.17 0.00 0.09 910.90 -25.480461 -49.271049 5
2019 6 29 18 5 53 1018.47 3088.81 0.65 26.10 0.00 0.09 910.90 -25.480461 -49.271049 5
2019 6 29 18 5 53 1018.47 3088.81 0.64 26.03 0.00 0.09 910.90 -25.480461 -49.271049 5
2019 6 29 18 5 53 1018.47 3088.81 0.65 25.93 0.00 0.09 910.90 -25.480461 -49.271049 5
2019 6 29 18 5 53 1018.47 3088.81 0.60 26.07 0.00 0.09 910.90 -25.480461 -49.271049 5
2019 6 29 18 5 53 1018.47 3088.81 0.61 26.11 0.00 0.09 910.90 -25.480461 -49.271049 5
2019 6 29 18 5 53 1018.47 3088.81 0.62 26.15 0.00 0.09 910.90 -25.480461 -49.271049 5
2019 6 29 18 5 53 1018.47 3088.81 0.64 26.18 0.00 0.09 910.90 -25.480461 -49.271049 5
2019 6 29 18 5 53 1018.47 3088.81 0.62 26.28 0.00 0.09 910.90 -25.480461 -49.271049 5
2019 6 29 18 5 53 1018.47 3088.81 0.61 26.34 0.00 0.09 910.90 -25.480461 -49.271049 5
2019 6 29 18 5 53 1018.47 3088.81 0.59 26.67 0.00 0.09 910.90 -25.480461 -49.271049 5
2019 6 29 18 5 53 1018.47 3088.81 0.55 26.95 0.00 0.09 910.90 -25.480461 -49.271049 5
2019 6 29 18 5 53 1018.47 3088.81 0.56 27.02 0.00 0.09 910.90 -25.480461 -49.271049 5
2019 6 29 18 5 53 1018.47 3088.81 0.57 26.97 0.00 0.09 910.90 -25.480461 -49.271049 5
2019 6 29 18 5 53 1018.47 3088.81 0.58 26.81 0.00 0.09 910.90 -25.480461 -49.271049 5
2019 6 29 18 5 53 1018.47 3088.81 0.59 26.60 0.00 0.09 910.90 -25.480461 -49.271049 5
2019 6 29 18 5 54 1018.47 3088.81 0.54 26.63 0.00 0.27 910.80 -25.480460 -49.271048 5
2019 6 29 18 5 54 1018.47 3088.81 0.56 26.59 0.00 0.27 910.80 -25.480460 -49.271048 5
2019 6 29 18 5 54 1018.47 3088.81 0.56 26.64 0.00 0.27 910.80 -25.480460 -49.271048 5
2019 6 29 18 5 54 1018.47 3088.81 0.57 26.50 0.00 0.27 910.80 -25.480460 -49.271048 5
2019 6 29 18 5 54 1018.47 3088.81 0.60 25.77 0.00 0.27 910.80 -25.480460 -49.271048 5
2019 6 29 18 5 54 1018.47 3088.81 0.61 23.90 0.00 0.27 910.80 -25.480460 -49.271048 5
2019 6 29 18 5 54 1018.47 3088.81 0.66 22.74 0.00 0.27 910.80 -25.480460 -49.271048 5
2019 6 29 18 5 54 1018.47 3088.81 0.74 21.44 0.00 0.27 910.80 -25.480460 -49.271048 5
2019 6 29 18 5 54 1018.47 3088.81 0.73 20.64 0.00 0.27 910.80 -25.480460 -49.271048 5
2019 6 29 18 5 54 1018.47 3088.81 0.71 20.09 0.00 0.27 910.80 -25.480460 -49.271048 5
2019 6 29 18 5 54 1018.47 3088.81 0.72 19.65 0.00 0.27 910.80 -25.480460 -49.271048 5
2019 6 29 18 5 54 1018.47 3088.81 0.70 19.19 0.00 0.27 910.80 -25.480460 -49.271048 5
2019 6 29 18 5 54 1018.47 3088.81 0.72 18.76 0.00 0.27 910.80 -25.480460 -49.271048 5
2019 6 29 18 5 54 1018.47 3088.81 0.75 18.03 0.00 0.27 910.80 -25.480460 -49.271048 5
2019 6 29 18 5 54 1018.47 3088.81 0.81 17.16 0.00 0.27 910.80 -25.480460 -49.271048 5
2019 6 29 18 5 54 1018.47 3088.81 0.84 16.45 0.00 0.27 910.80 -25.480460 -49.271048 5
2019 6 29 18 5 54 1018.47 3088.81 0.85 15.93 0.00 0.27 910.80 -25.480460 -49.271048 5
2019 6 29 18 5 54 1018.47 3088.81 0.88 15.14 0.00 0.27 910.80 -25.480460 -49.271048 5
2019 6 29 18 5 54 1018.47 3088.81 0.88 15.05 0.00 0.27 910.80 -25.480460 -49.271048 5
2019 6 29 18 5 54 1018.47 3088.81 0.88 15.03 0.00 0.27 910.80 -25.480460 -49.271048 5
2019 6 29 18 5 54 1018.47 3088.81 0.89 14.86 0.00 0.27 910.80 -25.480460 -49.271048 5
2019 6 29 18 5 54 1018.47 3088.81 0.90 14.41 0.00 0.27 910.80 -25.480460 -49.271048 5
2019 6 29 18 5 54 1018.47 3088.81 0.96 13.72 0.00 0.27 910.80 -25.480460 -49.271048 5
2019 6 29 18 5 54 1018.47 3088.81 0.93 12.93 0.00 0.27 910.80 -25.480460 -49.271048 5
2019 6 29 18 5 54 1018.47 3088.81 0.97 12.53 0.00 0.27 910.80 -25.480460 -49.271048 5
2019 6 29 18 5 54 1018.47 3088.81 0.98 12.29 0.00 0.27 910.80 -25.480460 -49.271048 5
2019 6 29 18 5 54 1018.47 3088.81 1.01 11.99 0.00 0.27 910.80 -25.480460 -49.271048 5
2019 6 29 18 5 54 1018.47 3088.81 1.06 11.40 0.00 0.27 910.80 -25.480460 -49.271048 5
2019 6 29 18 5 54 1018.47 3088.81 1.11 10.76 0.00 0.27 910.80 -25.480460 -49.271048 5
2019 6 29 18 5 54 1018.47 3088.81 1.13 9.70 0.00 0.27 910.80 -25.480460 -49.271048 5
2019 6 29 18 5 55 1018.47 3088.81 1.17 9.26 0.00 0.16 911.20 -25.480459 -49.271048 5
2019 6 29 18 5 55 1018.47 3088.81 1.18 9.17 0.00 0.16 911.20 -25.480459 -49.271048 5
2019 6 29 18 5 55 1018.47 3088.81 1.20 9.07 0.00 0.16 911.20 -25.480459 -49.271048 5
2019 6 29 18 5 55 1018.47 3088.81 1.26 8.65 0.00 0.16 911.20 -25.480459 -49.271048 5
2019 6 29 18 5 55 1018.47 3088.81 1.29 8.03 0.00 0.16 911.20 -25.480459 -49.271048 5
2019 6 29 18 5 55 1018.47 3088.81 1.27 7.05 0.00 0.16 911.20 -25.480459 -49.271048 5
2019 6 29 18 5 55 1018.47 3088.83 1.30 6.62 0.00 0.16 911.20 -25.480459 -49.271048 5
2019 6 29 18 5 55 1018.47 3088.83 1.32 6.39 0.00 0.16 911.20 -25.480459 -49.271048 5
2019 6 29 18 5 55 1018.47 3088.83 1.33 6.52 0.00 0.16 911.20 -25.480459 -49.271048 5
2019 6 29 18 5 55 1018.47 3088.83 1.32 6.71 0.00 0.16 911.20 -25.480459 -49.271048 5
2019 6 29 18 5 55 1018.47 3088.83 1.36 6.46 0.00 0.16 911.20 -25.480459 -49.271048 5
2019 6 29 18 5 55 1018.47 3088.83 1.40 4.78 0.00 0.16 911.20 -25.480459 -49.271048 5
2019 6 29 18 5 55 1018.47 3088.83 1.42 3.81 0.00 0.16 911.20 -25.480459 -49.271048 5
2019 6 29 18 5 55 1018.47 3088.83 1.46 2.98 0.00 0.16 911.20 -25.480459 -49.271048 5
2019 6 29 18 5 55 1018.47 3088.83 1.49 2.56 0.00 0.16 911.20 -25.480459 -49.271048 5
2019 6 29 18 5 55 1018.47 3088.83 1.49 2.64 0.00 0.16 911.20 -25.480459 -49.271048 5
2019 6 29 18 5 55 1018.47 3088.83 1.50 2.69 0.00 0.16 911.20 -25.480459 -49.271048 5
2019 6 29 18 5 55 1018.47 3088.83 1.48 2.21 0.00 0.16 911.20 -25.480459 -49.271048 5
2019 6 29 18 5 55 1018.47 3088.83 1.50 1.61 0.00 0.16 911.20 -25.480459 -49.271048 5
2019 6 29 18 5 55 1018.47 3088.83 1.51 0.75 0.00 0.16 911.20 -25.480459 -49.271048 5
2019 6 29 18 5 55 1018.47 3088.83 1.52 0.54 0.00 0.16 911.20 -25.480459 -49.271048 5
2019 6 29 18 5 55 1018.47 3088.83 1.52 0.73 0.00 0.16 911.20 -25.480459 -49.271048 5
2019 6 29 18 5 55 1018.47 3088.83 1.52 0.61 0.00 0.16 911.20 -25.480459 -49.271048 5
2019 6 29 18 5 55 1018.47 3088.83 1.48 -1.10 0.00 0.16 911.20 -25.480459 -49.271048 5
2019 6 29 18 5 55 1018.47 3088.83 1.52 -2.06 0.00 0.16 911.20 -25.480459 -49.271048 5
2019 6 29 18 5 55 1018.47 3088.83 1.57 -2.65 0.00 0.16 911.20 -25.480459 -49.271048 5
2019 6 29 18 5 55 1018.47 3088.83 1.60 -2.66 0.00 0.16 911.20 -25.480459 -49.271048 5
2019 6 29 18 5 55 1018.47 3088.83 1.60 -2.55 0.00 0.16 911.20 -25.480459 -49.271048 5
2019 6 29 18 5 55 1018.47 3088.83 1.61 -2.90 0.00 0.16 911.20 -25.480459 -49.271048 5
2019 6 29 18 5 55 1018.47 3088.83 1.68 -3.42 0.00 0.16 911.20 -25.480459 -49.271048 5
2019 6 29 18 5 55 1018.47 3088.83 1.70 -3.50 0.00 0.16 911.20 -25.480459 -49.271048 5
2019 6 29 18 5 56 1018.47 3088.83 1.78 -3.90 0.00 0.05 911.30 -25.480458 -49.271049 5
2019 6 29 18 5 56 1018.47 3088.83 1.85 -4.13 0.00 0.05 911.30 -25.480458 -49.271049 5
2019 6 29 18 5 56 1018.47 3088.83 1.90 -4.30 0.00 0.05 911.30 -25.480458 -49.271049 5
2019 6 29 18 5 56 1018.47 3088.83 1.99 -4.66 0.00 0.05 911.30 -25.480458 -49.271049 5
2019 6 29 18 5 56 1018.47 3088.83 1.98 -4.84 0.00 0.05 911.30 -25.480458 -49.271049 5
2019 6 29 18 5 56 1018.47 3088.83 2.02 -4.93 0.00 0.05 911.30 -25.480458 -49.271049 5
2019 6 29 18 5 56 1018.47 3088.83 2.02 -5.06 0.00 0.05 911.30 -25.480458 -49.271049 5
2019 6 29 18 5 56 1018.47 3088.83 2.02 -4.92 0.00 0.05 911.30 -25.480458 -49.271049 5
2019 6 29 18 5 56 1018.47 3088.82 2.02 -4.93 0.00 0.05 911.30 -25.480458 -49.271049 5
2019 6 29 18 5 56 1018.47 3088.82 1.99 -4.90 0.00 0.05 911.30 -25.480458 -49.271049 5
2019 6 29 18 5 56 1018.47 3088.82 1.99 -4.88 0.00 0.05 911.30 -25.480458 -49.271049 5
2019 6 29 18 5 56 1018.47 3088.82 1.99 -4.87 0.00 0.05 911.30 -25.480458 -49.271049 5
2019 6 29 18 5 56 1018.47 3088.82 2.01 -4.82 0.00 0.05 911.30 -25.480458 -49.271049 5
2019 6 29 18 5 56 1018.47 3088.82 1.98 -4.76 0.00 0.05 911.30 -25.480458 -49.271049 5
2019 6 29 18 5 56 1018.47 3088.82 1.98 -4.75 0.00 0.05 911.30 -25.480458 -49.271049 5
2019 6 29 18 5 56 1018.47 3088.82 1.86 -4.72 0.00 0.05 911.30 -25.480458 -49.271049 5
2019 6 29 18 5 56 1018.47 3088.82 1.87 -4.71 0.00 0.05 911.30 -25.480458 -49.271049 5
2019 6 29 18 5 56 1018.47 3088.82 1.88 -4.72 0.00 0.05 911.30 -25.480458 -49.271049 5
2019 6 29 18 5 56 1018.47 3088.82 1.89 -4.71 0.00 0.05 911.30 -25.480458 -49.271049 5
2019 6 29 18 5 56 1018.47 3088.82 1.90 -4.70 0.00 0.05 911.30 -25.480458 -49.271049 5
2019 6 29 18 5 56 1018.47 3088.82 1.91 -4.70 0.00 0.05 911.30 -25.480458 -49.271049 5
2019 6 29 18 5 56 1018.47 3088.83 1.88 -4.69 0.00 0.05 911.30 -25.480458 -49.271049 5
2019 6 29 18 5 56 1018.47 3088.83 1.88 -4.68 0.00 0.05 911.30 -25.480458 -49.271049 5
2019 6 29 18 5 56 1018.47 3088.83 1.88 -4.66 0.00 0.05 911.30 -25.480458 -49.271049 5
2019 6 29 18 5 56 1018.47 3088.83 1.89 -4.67 0.00 0.05 911.30 -25.480458 -49.271049 5
2019 6 29 18 5 56 1018.47 3088.83 1.90 -4.66 0.00 0.05 911.30 -25.480458 -49.271049 5
2019 6 29 18 5 56 1018.47 3088.83 1.90 -4.66 0.00 0.05 911.30 -25.480458 -49.271049 5
2019 6 29 18 5 57 1018.47 3088.83 1.83 -4.78 0.00 0.03 911.60 -25.480458 -49.271048 5
2019 6 29 18 5 57 1018.47 3088.83 1.84 -4.77 0.00 0.03 911.60 -25.480458 -49.271048 5
2019 6 29 18 5 57 1018.47 3088.83 1.85 -4.75 0.00 0.03 911.60 -25.480458 -49.271048 5
2019 6 29 18 5 57 1018.47 3088.83 1.84 -4.72 0.00 0.03 911.60 -25.480458 -49.271048 5
2019 6 29 18 5 57 1018.47 3088.83 1.85 -4.73 0.00 0.03 911.60 -25.480458 -49.271048 5
2019 6 29 18 5 57 1018.47 3088.83 1.86 -4.72 0.00 0.03 911.60 -25.480458 -49.271048 5
2019 6 29 18 5 57 1018.47 3088.83 1.83 -4.71 0.00 0.03 911.60 -25.480458 -49.271048 5
2019 6 29 18 5 57 1018.47 3088.83 1.84 -4.71 0.00 0.03 911.60 -25.480458 -49.271048 5
2019 6 29 18 5 57 1018.47 3088.83 1.85 -4.70 0.00 0.03 911.60 -25.480458 -49.271048 5
2019 6 29 18 5 57 1018.47 3088.82 1.86 -4.70 0.00 0.03 911.60 -25.480458 -49.271048 5
2019 6 29 18 5 57 1018.47 3088.82 1.89 -4.71 0.00 0.03 911.60 -25.480458 -49.271048 5
2019 6 29 18 5 57 1018.47 3088.82 1.90 -4.70 0.00 0.03 911.60 -25.480458 -49.271048 5
2019 6 29 18 5 57 1018.47 3088.82 1.87 -4.66 0.00 0.03 911.60 -25.480458 -49.271048 5
2019 6 29 18 5 57 1018.47 3088.82 1.89 -4.63 0.00 0.03 911.60 -25.480458 -49.271048 5
2019 6 29 18 5 57 1018.47 3088.82 1.90 -4.62 0.00 0.03 911.60 -25.480458 -49.271048 5
2019 6 29 18 5 57 1018.47 3088.82 1.91 -4.59 0.00 0.03 911.60 -25.480458 -49.271048 5
2019 6 29 18 5 57 1018.47 3088.82 1.92 -4.56 0.00 0.03 911.60 -25.480458 -49.271048 5
2019 6 29 18 5 57 1018.47 3088.82 1.92 -4.55 0.00 0.03 911.60 -25.480458 -49.271048 5
2019 6 29 18 5 57 1018.47 3088.82 1.92 -4.56 0.00 0.03 911.60 -25.480458 -49.271048 5
2019 6 29 18 5 57 1018.47 3088.82 1.92 -4.50 0.00 0.03 911.60 -25.480458 -49.271048 5
2019 6 29 18 5 57 1018.47 3088.82 1.93 -4.48 0.00 0.03 911.60 -25.480458 -49.271048 5
2019 6 29 18 5 57 1018.47 3088.82 1.94 -4.46 0.00 0.03 911.60 -25.480458 -49.271048 5
2019 6 29 18 5 57 1018.47 3088.82 1.94 -4.46 0.00 0.03 911.60 -25.480458 -49.271048 5
2019 6 29 18 5 57 1018.47 3088.82 1.93 -4.39 0.00 0.03 911.60 -25.480458 -49.271048 5
2019 6 29 18 5 57 1018.47 3088.82 1.91 -4.34 0.00 0.03 911.60 -25.480458 -49.271048 5
2019 6 29 18 5 57 1018.46 3088.81 1.91 -4.30 0.00 0.03 911.60 -25.480458 -49.271048 5
2019 6 29 18 5 57 1018.46 3088.81 1.91 -4.27 0.00 0.03 911.60 -25.480458 -49.271048 5
2019 6 29 18 5 57 1018.46 3088.81 1.90 -4.24 0.00 0.03 911.60 -25.480458 -49.271048 5
2019 6 29 18 5 57 1018.46 3088.81 1.91 -4.21 0.00 0.03 911.60 -25.480458 -49.271048 5
2019 6 29 18 5 57 1018.46 3088.81 1.89 -4.17 0.00 0.03 911.60 -25.480458 -49.271048 5
2019 6 29 18 5 58 1018.46 3088.81 1.88 -4.17 0.00 0.06 911.80 -25.480458 -49.271047 5
