2000 0 0 14 32 47 1021.52 3098.07 -4.42 -13.85 0.00 0.00 895.20 -25.480505 -49.271081 8
2000 0 0 14 32 47 1021.52 3098.09 -36.45 22.15 0.00 0.00 895.20 -25.480505 -49.271081 8
2000 0 0 14 32 47 1021.52 3098.09 -36.29 22.05 0.00 0.00 895.20 -25.480505 -49.271081 8
2000 0 0 14 32 47 1021.52 3098.09 -36.10 21.70 0.00 0.00 895.20 -25.480505 -49.271081 8
2000 0 0 14 32 47 1021.52 3098.09 -35.68 21.41 0.00 0.00 895.20 -25.480505 -49.271081 8
2000 0 0 14 32 47 1021.52 3098.09 -35.01 21.27 0.00 0.00 895.20 -25.480505 -49.271081 8
2000 0 0 14 32 47 1021.52 3098.09 -33.92 20.25 0.00 0.00 895.20 -25.480505 -49.271081 8
2000 0 0 14 32 47 1021.52 3098.09 -32.99 19.68 0.00 0.00 895.20 -25.480505 -49.271081 8
2000 0 0 14 32 47 1021.52 3098.09 -32.11 19.08 0.00 0.00 895.20 -25.480505 -49.271081 8
2019 6 29 14 32 50 1021.52 3098.09 -31.22 18.25 0.00 0.23 895.60 -25.480504 -49.271082 8
2019 6 29 14 32 50 1021.52 3098.09 -30.26 17.45 0.00 0.23 895.60 -25.480504 -49.271082 8
2019 6 29 14 32 50 1021.52 3098.09 -29.14 17.00 0.00 0.23 895.60 -25.480504 -49.271082 8
2019 6 29 14 32 50 1021.52 3098.08 -28.86 18.44 0.00 0.23 895.60 -25.480504 -49.271082 8
2019 6 29 14 32 50 1021.52 3098.08 -28.37 18.69 0.00 0.23 895.60 -25.480504 -49.271082 8
2019 6 29 14 32 50 1021.52 3098.08 -27.67 19.71 0.00 0.23 895.60 -25.480504 -49.271082 8
2019 6 29 14 32 50 1021.52 3098.08 -26.73 21.25 0.00 0.23 895.60 -25.480504 -49.271082 8
2019 6 29 14 32 50 1021.52 3098.08 -25.92 22.84 0.00 0.23 895.60 -25.480504 -49.271082 8
2019 6 29 14 32 50 1021.52 3098.08 -25.46 23.51 0.00 0.23 895.60 -25.480504 -49.271082 8
2019 6 29 14 32 50 1021.52 3098.08 -26.01 28.08 0.00 0.23 895.60 -25.480504 -49.271082 8
2019 6 29 14 32 50 1021.52 3098.08 -25.80 29.14 0.00 0.23 895.60 -25.480504 -49.271082 8
2019 6 29 14 32 50 1021.52 3098.08 -25.68 30.27 0.00 0.23 895.60 -25.480504 -49.271082 8
2019 6 29 14 32 50 1021.52 3098.08 -25.55 31.33 0.00 0.23 895.60 -25.480504 -49.271082 8
2019 6 29 14 32 50 1021.52 3098.08 -25.51 32.01 0.00 0.23 895.60 -25.480504 -49.271082 8
2019 6 29 14 32 50 1021.52 3098.08 -25.56 36.13 0.00 0.23 895.60 -25.480504 -49.271082 8
2019 6 29 14 32 50 1021.53 3098.10 -25.12 37.26 0.00 0.23 895.60 -25.480504 -49.271082 8
2019 6 29 14 32 50 1021.53 3098.10 -24.64 38.26 0.00 0.23 895.60 -25.480504 -49.271082 8
2019 6 29 14 32 50 1021.53 3098.10 -24.31 38.98 0.00 0.23 895.60 -25.480504 -49.271082 8
2019 6 29 14 32 50 1021.53 3098.10 -24.17 39.62 0.00 0.23 895.60 -25.480504 -49.271082 8
2019 6 29 14 32 50 1021.53 3098.10 -24.32 40.28 0.00 0.23 895.60 -25.480504 -49.271082 8
2019 6 29 14 32 50 1021.53 3098.10 -25.80 43.32 0.00 0.23 895.60 -25.480504 -49.271082 8
2019 6 29 14 32 50 1021.53 3098.10 -25.76 43.62 0.00 0.23 895.60 -25.480504 -49.271082 8
2019 6 29 14 32 50 1021.53 3098.10 -25.57 43.74 0.00 0.23 895.60 -25.480504 -49.271082 8
2019 6 29 14 32 50 1021.53 3098.10 -25.27 43.88 0.00 0.23 895.60 -25.480504 -49.271082 8
2019 6 29 14 32 50 1021.53 3098.10 -25.00 44.15 0.00 0.23 895.60 -25.480504 -49.271082 8
2019 6 29 14 32 51 1021.53 3098.10 -24.91 44.60 0.00 0.76 895.60 -25.480504 -49.271085 8
2019 6 29 14 32 51 1021.53 3098.10 -24.95 48.25 0.00 0.76 895.60 -25.480504 -49.271085 8
2019 6 29 14 32 51 1021.53 3098.10 -24.40 48.82 0.00 0.76 895.60 -25.480504 -49.271085 8
2019 6 29 14 32 51 1021.53 3098.10 -23.79 48.89 0.00 0.76 895.60 -25.480504 -49.271085 8
2019 6 29 14 32 51 1021.53 3098.10 -23.20 48.90 0.00 0.76 895.60 -25.480504 -49.271085 8
2019 6 29 14 32 51 1021.53 3098.10 -22.72 49.07 0.00 0.76 895.60 -25.480504 -49.271085 8
2019 6 29 14 32 51 1021.53 3098.10 -22.18 47.98 0.00 0.76 895.60 -25.480504 -49.271085 8
2019 6 29 14 32 51 1021.53 3098.10 -21.64 46.97 0.00 0.76 895.60 -25.480504 -49.271085 8
2019 6 29 14 32 51 1021.53 3098.10 -21.17 45.60 0.00 0.76 895.60 -25.480504 -49.271085 8
2019 6 29 14 32 51 1021.53 3098.10 -20.69 43.95 0.00 0.76 895.60 -25.480504 -49.271085 8
2019 6 29 14 32 51 1021.53 3098.10 -20.02 42.20 0.00 0.76 895.60 -25.480504 -49.271085 8
2019 6 29 14 32 51 1021.53 3098.10 -19.00 39.99 0.00 0.76 895.60 -25.480504 -49.271085 8
2019 6 29 14 32 51 1021.53 3098.10 -17.30 36.49 0.00 0.76 895.60 -25.480504 -49.271085 8
2019 6 29 14 32 51 1021.53 3098.10 -16.05 35.15 0.00 0.76 895.60 -25.480504 -49.271085 8
2019 6 29 14 32 51 1021.53 3098.10 -14.49 33.61 0.00 0.76 895.60 -25.480504 -49.271085 8
2019 6 29 14 32 51 1021.53 3098.10 -13.15 32.32 0.00 0.76 895.60 -25.480504 -49.271085 8
2019 6 29 14 32 51 1021.53 3098.10 -12.66 31.43 0.00 0.76 895.60 -25.480504 -49.271085 8
2019 6 29 14 32 51 1021.53 3098.10 -12.63 30.78 0.00 0.76 895.60 -25.480504 -49.271085 8
2019 6 29 14 32 51 1021.53 3098.10 -13.32 29.68 0.00 0.76 895.60 -25.480504 -49.271085 8
2019 6 29 14 32 51 1021.53 3098.10 -13.13 28.80 0.00 0.76 895.60 -25.480504 -49.271085 8
2019 6 29 14 32 51 1021.53 3098.10 -12.77 27.66 0.00 0.76 895.60 -25.480504 -49.271085 8
2019 6 29 14 32 51 1021.53 3098.10 -12.29 26.62 0.00 0.76 895.60 -25.480504 -49.271085 8
2019 6 29 14 32 51 1021.53 3098.10 -11.55 25.63 0.00 0.76 895.60 -25.480504 -49.271085 8
2019 6 29 14 32 52 1021.53 3098.10 -13.19 21.82 0.00 0.13 895.80 -25.480503 -49.271083 8
2019 6 29 14 32 52 1021.53 3098.10 -13.07 20.67 0.00 0.13 895.80 -25.480503 -49.271083 8
2019 6 29 14 32 52 1021.53 3098.10 -12.49 19.74 0.00 0.13 895.80 -25.480503 -49.271083 8
2019 6 29 14 32 52 1021.53 3098.10 -11.48 18.91 0.00 0.13 895.80 -25.480503 -49.271083 8
2019 6 29 14 32 52 1021.53 3098.10 -9.92 17.42 0.00 0.13 895.80 -25.480503 -49.271083 8
2019 6 29 14 32 52 1021.53 3098.11 -8.39 15.68 0.00 0.13 895.80 -25.480503 -49.271083 8
2019 6 29 14 32 52 1021.53 3098.11 -8.17 11.20 0.00 0.13 895.80 -25.480503 -49.271083 8
2019 6 29 14 32 52 1021.53 3098.11 -8.01 9.31 0.00 0.13 895.80 -25.480503 -49.271083 8
2019 6 29 14 32 52 1021.53 3098.11 -7.93 7.17 0.00 0.13 895.80 -25.480503 -49.271083 8
2019 6 29 14 32 52 1021.53 3098.11 -7.51 5.03 0.00 0.13 895.80 -25.480503 -49.271083 8
2019 6 29 14 32 52 1021.53 3098.11 -6.96 3.36 0.00 0.13 895.80 -25.480503 -49.271083 8
2019 6 29 14 32 52 1021.53 3098.11 -6.25 2.03 0.00 0.13 895.80 -25.480503 -49.271083 8
2019 6 29 14 32 52 1021.53 3098.11 -5.48 -2.16 0.00 0.13 895.80 -25.480503 -49.271083 8
2019 6 29 14 32 52 1021.53 3098.11 -5.29 -3.79 0.00 0.13 895.80 -25.480503 -49.271083 8
2019 6 29 14 32 52 1021.53 3098.11 -4.99 -6.00 0.00 0.13 895.80 -25.480503 -49.271083 8
2019 6 29 14 32 52 1021.53 3098.11 -4.70 -8.47 0.00 0.13 895.80 -25.480503 -49.271083 8
2019 6 29 14 32 52 1021.53 3098.11 -4.43 -10.69 0.00 0.13 895.80 -25.480503 -49.271083 8
2019 6 29 14 32 52 1021.53 3098.11 -3.90 -12.34 0.00 0.13 895.80 -25.480503 -49.271083 8
2019 6 29 14 32 52 1021.53 3098.11 -4.05 -14.61 0.00 0.13 895.80 -25.480503 -49.271083 8
2019 6 29 14 32 52 1021.53 3098.11 -3.82 -15.45 0.00 0.13 895.80 -25.480503 -49.271083 8
2019 6 29 14 32 52 1021.53 3098.11 -3.68 -16.40 0.00 0.13 895.80 -25.480503 -49.271083 8
2019 6 29 14 32 52 1021.53 3098.11 -3.63 -17.40 0.00 0.13 895.80 -25.480503 -49.271083 8
2019 6 29 14 32 52 1021.53 3098.11 -3.56 -18.16 0.00 0.13 895.80 -25.480503 -49.271083 8
2019 6 29 14 32 52 1021.53 3098.11 -5.21 -23.59 0.00 0.13 895.80 -25.480503 -49.271083 8
2019 6 29 14 32 52 1021.53 3098.11 -5.31 -24.95 0.00 0.13 895.80 -25.480503 -49.271083 8
2019 6 29 14 32 52 1021.53 3098.11 -5.20 -26.03 0.00 0.13 895.80 -25.480503 -49.271083 8
2019 6 29 14 32 53 1021.53 3098.11 -4.85 -27.22 0.00 0.72 895.90 -25.480505 -49.271091 8
2019 6 29 14 32 53 1021.53 3098.11 -4.60 -28.42 0.00 0.72 895.90 -25.480505 -49.271091 8
2019 6 29 14 32 53 1021.53 3098.11 -4.54 -29.98 0.00 0.72 895.90 -25.480505 -49.271091 8
2019 6 29 14 32 53 1021.54 3098.12 -3.33 -32.45 0.00 0.72 895.90 -25.480505 -49.271091 8
2019 6 29 14 32 53 1021.54 3098.12 -3.21 -32.73 0.00 0.72 895.90 -25.480505 -49.271091 8
2019 6 29 14 32 53 1021.54 3098.12 -3.23 -32.73 0.00 0.72 895.90 -25.480505 -49.271091 8
2019 6 29 14 32 53 1021.54 3098.12 -3.08 -32.70 0.00 0.72 895.90 -25.480505 -49.271091 8
2019 6 29 14 32 53 1021.54 3098.12 -3.06 -32.52 0.00 0.72 895.90 -25.480505 -49.271091 8
2019 6 29 14 32 53 1021.54 3098.12 -3.08 -32.16 0.00 0.72 895.90 -25.480505 -49.271091 8
2019 6 29 14 32 53 1021.54 3098.12 -1.95 -24.88 0.00 0.72 895.90 -25.480505 -49.271091 8
2019 6 29 14 32 53 1021.54 3098.12 -1.16 -22.84 0.00 0.72 895.90 -25.480505 -49.271091 8
2019 6 29 14 32 53 1021.54 3098.12 -0.52 -20.61 0.00 0.72 895.90 -25.480505 -49.271091 8
2019 6 29 14 32 53 1021.54 3098.12 -0.16 -18.17 0.00 0.72 895.90 -25.480505 -49.271091 8
2019 6 29 14 32 53 1021.54 3098.12 -0.19 -15.61 0.00 0.72 895.90 -25.480505 -49.271091 8
2019 6 29 14 32 53 1021.54 3098.12 -0.52 -13.44 0.00 0.72 895.90 -25.480505 -49.271091 8
2019 6 29 14 32 53 1021.54 3098.13 5.11 -2.57 0.00 0.72 895.90 -25.480505 -49.271091 8
2019 6 29 14 32 53 1021.54 3098.13 6.08 -2.16 0.00 0.72 895.90 -25.480505 -49.271091 8
2019 6 29 14 32 53 1021.54 3098.13 7.58 -1.59 0.00 0.72 895.90 -25.480505 -49.271091 8
2019 6 29 14 32 53 1021.54 3098.13 9.23 -1.05 0.00 0.72 895.90 -25.480505 -49.271091 8
2019 6 29 14 32 53 1021.54 3098.13 11.03 -1.25 0.00 0.72 895.90 -25.480505 -49.271091 8
2019 6 29 14 32 53 1021.54 3098.13 15.40 -0.81 0.00 0.72 895.90 -25.480505 -49.271091 8
2019 6 29 14 32 53 1021.54 3098.13 17.25 -1.04 0.00 0.72 895.90 -25.480505 -49.271091 8
2019 6 29 14 32 54 1021.54 3098.13 19.18 -1.65 0.00 0.23 896.10 -25.480504 -49.271091 8
2019 6 29 14 32 54 1021.54 3098.13 21.23 -2.14 0.00 0.23 896.10 -25.480504 -49.271091 8
2019 6 29 14 32 54 1021.54 3098.13 23.50 -2.37 0.00 0.23 896.10 -25.480504 -49.271091 8
2019 6 29 14 32 54 1021.54 3098.13 25.58 -2.59 0.00 0.23 896.10 -25.480504 -49.271091 8
2019 6 29 14 32 54 1021.53 3098.12 28.60 -2.25 0.00 0.23 896.10 -25.480504 -49.271091 8
2019 6 29 14 32 54 1021.53 3098.12 29.94 -2.09 0.00 0.23 896.10 -25.480504 -49.271091 8
2019 6 29 14 32 54 1021.53 3098.12 31.26 -1.95 0.00 0.23 896.10 -25.480504 -49.271091 8
2019 6 29 14 32 54 1021.53 3098.12 32.49 -1.70 0.00 0.23 896.10 -25.480504 -49.271091 8
2019 6 29 14 32 54 1021.53 3098.12 33.71 -1.43 0.00 0.23 896.10 -25.480504 -49.271091 8
2019 6 29 14 32 54 1021.53 3098.12 34.93 -0.97 0.00 0.23 896.10 -25.480504 -49.271091 8
2019 6 29 14 32 54 1021.53 3098.12 36.03 -0.58 0.00 0.23 896.10 -25.480504 -49.271091 8
2019 6 29 14 32 54 1021.53 3098.12 36.26 -0.37 0.00 0.23 896.10 -25.480504 -49.271091 8
2019 6 29 14 32 54 1021.53 3098.12 36.25 -0.16 0.00 0.23 896.10 -25.480504 -49.271091 8
2019 6 29 14 32 54 1021.53 3098.12 36.33 -0.01 0.00 0.23 896.10 -25.480504 -49.271091 8
2019 6 29 14 32 54 1021.53 3098.12 36.53 0.12 0.00 0.23 896.10 -25.480504 -49.271091 8
2019 6 29 14 32 54 1021.53 3098.12 36.63 0.21 0.00 0.23 896.10 -25.480504 -49.271091 8
2019 6 29 14 32 54 1021.53 3098.12 34.39 0.27 0.00 0.23 896.10 -25.480504 -49.271091 8
2019 6 29 14 32 54 1021.53 3098.12 33.29 0.20 0.00 0.23 896.10 -25.480504 -49.271091 8
2019 6 29 14 32 54 1021.53 3098.12 32.10 -0.08 0.00 0.23 896.10 -25.480504 -49.271091 8
2019 6 29 14 32 54 1021.54 3098.13 30.66 -0.26 0.00 0.23 896.10 -25.480504 -49.271091 8
2019 6 29 14 32 54 1021.54 3098.13 29.10 -0.17 0.00 0.23 896.10 -25.480504 -49.271091 8
2019 6 29 14 32 54 1021.54 3098.13 24.78 -0.17 0.00 0.23 896.10 -25.480504 -49.271091 8
2019 6 29 14 32 54 1021.54 3098.13 22.60 0.00 0.00 0.23 896.10 -25.480504 -49.271091 8
2019 6 29 14 32 54 1021.54 3098.13 20.56 -0.20 0.00 0.23 896.10 -25.480504 -49.271091 8
2019 6 29 14 32 54 1021.54 3098.13 18.75 -0.28 0.00 0.23 896.10 -25.480504 -49.271091 8
2019 6 29 14 32 54 1021.54 3098.13 17.11 -0.13 0.00 0.23 896.10 -25.480504 -49.271091 8
2019 6 29 14 32 54 1021.54 3098.13 15.26 0.14 0.00 0.23 896.10 -25.480504 -49.271091 8
2019 6 29 14 32 54 1021.54 3098.13 10.60 0.90 0.00 0.23 896.10 -25.480504 -49.271091 8
2019 6 29 14 32 54 1021.54 3098.13 9.14 1.14 0.00 0.23 896.10 -25.480504 -49.271091 8
2019 6 29 14 32 55 1021.54 3098.13 8.17 1.27 0.00 0.44 895.90 -25.480504 -49.271093 7
2019 6 29 14 32 55 1021.54 3098.13 7.12 1.34 0.00 0.44 895.90 -25.480504 -49.271093 7
2019 6 29 14 32 55 1021.54 3098.13 5.66 1.56 0.00 0.44 895.90 -25.480504 -49.271093 7
2019 6 29 14 32 55 1021.54 3098.13 4.21 1.72 0.00 0.44 895.90 -25.480504 -49.271093 7
2019 6 29 14 32 55 1021.53 3098.12 -0.57 0.53 0.00 0.44 895.90 -25.480504 -49.271093 7
2019 6 29 14 32 55 1021.53 3098.12 -2.73 -0.02 0.00 0.44 895.90 -25.480504 -49.271093 7
2019 6 29 14 32 55 1021.53 3098.12 -4.84 -0.89 0.00 0.44 895.90 -25.480504 -49.271093 7
2019 6 29 14 32 55 1021.53 3098.12 -7.39 -1.33 0.00 0.44 895.90 -25.480504 -49.271093 7
2019 6 29 14 32 55 1021.53 3098.12 -9.22 -1.63 0.00 0.44 895.90 -25.480504 -49.271093 7
2019 6 29 14 32 55 1021.53 3098.12 -10.65 -2.28 0.00 0.44 895.90 -25.480504 -49.271093 7
2019 6 29 14 32 55 1021.53 3098.12 -14.99 -2.82 0.00 0.44 895.90 -25.480504 -49.271093 7
2019 6 29 14 32 55 1021.53 3098.12 -15.93 -3.13 0.00 0.44 895.90 -25.480504 -49.271093 7
2019 6 29 14 32 55 1021.53 3098.12 -16.38 -3.39 0.00 0.44 895.90 -25.480504 -49.271093 7
2019 6 29 14 32 55 1021.53 3098.12 -17.08 -3.23 0.00 0.44 895.90 -25.480504 -49.271093 7
2019 6 29 14 32 55 1021.53 3098.12 -18.12 -3.00 0.00 0.44 895.90 -25.480504 -49.271093 7
2019 6 29 14 32 55 1021.53 3098.12 -21.11 -2.50 0.00 0.44 895.90 -25.480504 -49.271093 7
2019 6 29 14 32 55 1021.53 3098.12 -22.12 -2.23 0.00 0.44 895.90 -25.480504 -49.271093 7
2019 6 29 14 32 55 1021.53 3098.12 -22.85 -2.09 0.00 0.44 895.90 -25.480504 -49.271093 7
2019 6 29 14 32 55 1021.53 3098.12 -23.87 -1.84 0.00 0.44 895.90 -25.480504 -49.271093 7
2019 6 29 14 32 55 1021.54 3098.13 -25.21 -1.45 0.00 0.44 895.90 -25.480504 -49.271093 7
2019 6 29 14 32 55 1021.54 3098.13 -26.06 -1.06 0.00 0.44 895.90 -25.480504 -49.271093 7
2019 6 29 14 32 55 1021.54 3098.13 -26.93 -0.87 0.00 0.44 895.90 -25.480504 -49.271093 7
2019 6 29 14 32 55 1021.54 3098.13 -27.38 -0.97 0.00 0.44 895.90 -25.480504 -49.271093 7
2019 6 29 14 32 55 1021.54 3098.13 -27.98 -1.32 0.00 0.44 895.90 -25.480504 -49.271093 7
2019 6 29 14 32 55 1021.54 3098.13 -28.45 -1.68 0.00 0.44 895.90 -25.480504 -49.271093 7
2019 6 29 14 32 55 1021.54 3098.13 -28.94 -2.03 0.00 0.44 895.90 -25.480504 -49.271093 7
2019 6 29 14 32 55 1021.54 3098.13 -29.71 -2.23 0.00 0.44 895.90 -25.480504 -49.271093 7
2019 6 29 14 32 55 1021.54 3098.13 -29.26 -2.13 0.00 0.44 895.90 -25.480504 -49.271093 7
2019 6 29 14 32 55 1021.54 3098.13 -29.18 -2.08 0.00 0.44 895.90 -25.480504 -49.271093 7
2019 6 29 14 32 56 1021.54 3098.13 -29.15 -1.99 0.00 0.33 896.40 -25.480502 -49.271093 7
2019 6 29 14 32 56 1021.54 3098.13 -29.08 -2.03 0.00 0.33 896.40 -25.480502 -49.271093 7
2019 6 29 14 32 56 1021.54 3098.13 -29.08 -2.04 0.00 0.33 896.40 -25.480502 -49.271093 7
2019 6 29 14 32 56 1021.54 3098.13 -28.78 -2.28 0.00 0.33 896.40 -25.480502 -49.271093 7
2019 6 29 14 32 56 1021.54 3098.12 -26.43 -3.11 0.00 0.33 896.40 -25.480502 -49.271093 7
2019 6 29 14 32 56 1021.54 3098.12 -25.03 -3.54 0.00 0.33 896.40 -25.480502 -49.271093 7
2019 6 29 14 32 56 1021.54 3098.12 -23.54 -3.66 0.00 0.33 896.40 -25.480502 -49.271093 7
2019 6 29 14 32 56 1021.54 3098.12 -21.78 -4.12 0.00 0.33 896.40 -25.480502 -49.271093 7
2019 6 29 14 32 56 1021.54 3098.12 -19.96 -4.81 0.00 0.33 896.40 -25.480502 -49.271093 7
2019 6 29 14 32 56 1021.54 3098.12 -16.95 -4.62 0.00 0.33 896.40 -25.480502 -49.271093 7
2019 6 29 14 32 56 1021.54 3098.12 -15.73 -4.62 0.00 0.33 896.40 -25.480502 -49.271093 7
2019 6 29 14 32 56 1021.54 3098.12 -14.91 -4.52 0.00 0.33 896.40 -25.480502 -49.271093 7
2019 6 29 14 32 56 1021.54 3098.12 -14.41 -4.38 0.00 0.33 896.40 -25.480502 -49.271093 7
2019 6 29 14 32 56 1021.54 3098.12 -13.96 -4.35 0.00 0.33 896.40 -25.480502 -49.271093 7
2019 6 29 14 32 56 1021.54 3098.12 -13.24 -4.55 0.00 0.33 896.40 -25.480502 -49.271093 7
2019 6 29 14 32 56 1021.54 3098.12 -10.92 -4.18 0.00 0.33 896.40 -25.480502 -49.271093 7
2019 6 29 14 32 56 1021.54 3098.12 -9.87 -4.03 0.00 0.33 896.40 -25.480502 -49.271093 7
2019 6 29 14 32 56 1021.54 3098.12 -8.79 -3.77 0.00 0.33 896.40 -25.480502 -49.271093 7
2019 6 29 14 32 56 1021.54 3098.03 -7.73 -3.34 0.00 0.33 896.40 -25.480502 -49.271093 7
2019 6 29 14 32 56 1021.54 3098.14 -6.68 -2.91 0.00 0.33 896.40 -25.480502 -49.271093 7
2019 6 29 14 32 56 1021.54 3098.14 -5.63 -2.72 0.00 0.33 896.40 -25.480502 -49.271093 7
2019 6 29 14 32 56 1021.54 3098.14 -4.46 -1.65 0.00 0.33 896.40 -25.480502 -49.271093 7
2019 6 29 14 32 56 1021.54 3098.14 -3.89 -1.48 0.00 0.33 896.40 -25.480502 -49.271093 7
2019 6 29 14 32 56 1021.54 3098.14 -3.27 -1.40 0.00 0.33 896.40 -25.480502 -49.271093 7
2019 6 29 14 32 56 1021.54 3098.14 -2.68 -1.37 0.00 0.33 896.40 -25.480502 -49.271093 7
2019 6 29 14 32 56 1021.54 3098.14 -1.98 -1.20 0.00 0.33 896.40 -25.480502 -49.271093 7
2019 6 29 14 32 56 1021.54 3098.14 -0.07 -1.06 0.00 0.33 896.40 -25.480502 -49.271093 7
2019 6 29 14 32 56 1021.54 3098.14 0.60 -1.06 0.00 0.33 896.40 -25.480502 -49.271093 7
2019 6 29 14 32 56 1021.54 3098.14 1.15 -1.07 0.00 0.33 896.40 -25.480502 -49.271093 7
2019 6 29 14 32 57 1021.54 3098.14 1.63 -1.35 0.00 0.30 897.10 -25.480503 -49.271093 7
2019 6 29 14 32 57 1021.54 3098.14 1.95 -1.82 0.00 0.30 897.10 -25.480503 -49.271093 7
2019 6 29 14 32 57 1021.54 3098.14 2.05 -2.29 0.00 0.30 897.10 -25.480503 -49.271093 7
2019 6 29 14 32 57 1021.54 3098.14 1.64 -2.94 0.00 0.30 897.10 -25.480503 -49.271093 7
2019 6 29 14 32 57 1021.54 3098.14 1.35 -3.33 0.00 0.30 897.10 -25.480503 -49.271093 7
2019 6 29 14 32 57 1021.54 3098.14 0.67 -3.87 0.00 0.30 897.10 -25.480503 -49.271093 7
2019 6 29 14 32 57 1021.54 3098.14 -0.23 -4.30 0.00 0.30 897.10 -25.480503 -49.271093 7
2019 6 29 14 32 57 1021.54 3098.14 -1.06 -5.10 0.00 0.30 897.10 -25.480503 -49.271093 7
2019 6 29 14 32 57 1021.54 3098.14 -1.11 -5.78 0.00 0.30 897.10 -25.480503 -49.271093 7
2019 6 29 14 32 57 1021.54 3098.14 -0.27 -7.18 0.00 0.30 897.10 -25.480503 -49.271093 7
2019 6 29 14 32 57 1021.54 3098.14 -0.14 -7.85 0.00 0.30 897.10 -25.480503 -49.271093 7
2019 6 29 14 32 57 1021.54 3098.14 -0.15 -8.69 0.00 0.30 897.10 -25.480503 -49.271093 7
2019 6 29 14 32 57 1021.54 3098.14 -0.30 -9.61 0.00 0.30 897.10 -25.480503 -49.271093 7
2019 6 29 14 32 57 1021.54 3098.14 -0.43 -10.51 0.00 0.30 897.10 -25.480503 -49.271093 7
2019 6 29 14 32 57 1021.54 3098.14 -0.42 -11.15 0.00 0.30 897.10 -25.480503 -49.271093 7
2019 6 29 14 32 57 1021.54 3098.14 -0.14 -12.84 0.00 0.30 897.10 -25.480503 -49.271093 7
2019 6 29 14 32 57 1021.54 3098.14 -0.02 -13.48 0.00 0.30 897.10 -25.480503 -49.271093 7
2019 6 29 14 32 57 1021.54 3098.14 0.11 -14.06 0.00 0.30 897.10 -25.480503 -49.271093 7
2019 6 29 14 32 57 1021.54 3098.14 0.42 -14.64 0.00 0.30 897.10 -25.480503 -49.271093 7
2019 6 29 14 32 57 1021.54 3098.14 0.67 -15.26 0.00 0.30 897.10 -25.480503 -49.271093 7
2019 6 29 14 32 57 1021.54 3098.14 2.61 -16.77 0.00 0.30 897.10 -25.480503 -49.271093 7
2019 6 29 14 32 57 1021.54 3098.14 2.84 -17.05 0.00 0.30 897.10 -25.480503 -49.271093 7
2019 6 29 14 32 57 1021.54 3098.14 2.82 -17.46 0.00 0.30 897.10 -25.480503 -49.271093 7
2019 6 29 14 32 57 1021.54 3098.14 2.78 -18.05 0.00 0.30 897.10 -25.480503 -49.271093 7
2019 6 29 14 32 57 1021.54 3098.14 2.79 -18.67 0.00 0.30 897.10 -25.480503 -49.271093 7
2019 6 29 14 32 57 1021.54 3098.14 2.76 -19.53 0.00 0.30 897.10 -25.480503 -49.271093 7
2019 6 29 14 32 58 1021.54 3098.14 1.83 -21.50 0.00 0.53 896.70 -25.480505 -49.271096 7
2019 6 29 14 32 58 1021.54 3098.14 1.67 -22.30 0.00 0.53 896.70 -25.480505 -49.271096 7
2019 6 29 14 32 58 1021.54 3098.14 1.61 -22.98 0.00 0.53 896.70 -25.480505 -49.271096 7
2019 6 29 14 32 58 1021.54 3098.14 1.69 -23.61 0.00 0.53 896.70 -25.480505 -49.271096 7
2019 6 29 14 32 58 1021.54 3098.14 1.87 -24.45 0.00 0.53 896.70 -25.480505 -49.271096 7
2019 6 29 14 32 58 1021.54 3098.15 1.90 -25.24 0.00 0.53 896.70 -25.480505 -49.271096 7
2019 6 29 14 32 58 1021.54 3098.15 1.75 -26.04 0.00 0.53 896.70 -25.480505 -49.271096 7
2019 6 29 14 32 58 1021.54 3098.15 1.87 -26.70 0.00 0.53 896.70 -25.480505 -49.271096 7
2019 6 29 14 32 58 1021.54 3098.15 1.90 -27.17 0.00 0.53 896.70 -25.480505 -49.271096 7
2019 6 29 14 32 58 1021.54 3098.15 1.88 -27.66 0.00 0.53 896.70 -25.480505 -49.271096 7
2019 6 29 14 32 58 1021.54 3098.15 1.90 -28.05 0.00 0.53 896.70 -25.480505 -49.271096 7
2019 6 29 14 32 58 1021.54 3098.15 1.90 -28.27 0.00 0.53 896.70 -25.480505 -49.271096 7
2019 6 29 14 32 58 1021.54 3098.15 2.08 -29.33 0.00 0.53 896.70 -25.480505 -49.271096 7
2019 6 29 14 32 58 1021.54 3098.15 2.09 -29.81 0.00 0.53 896.70 -25.480505 -49.271096 7
2019 6 29 14 32 58 1021.54 3098.15 2.02 -30.25 0.00 0.53 896.70 -25.480505 -49.271096 7
2019 6 29 14 32 58 1021.54 3098.15 2.05 -30.72 0.00 0.53 896.70 -25.480505 -49.271096 7
2019 6 29 14 32 58 1021.54 3098.15 2.16 -31.34 0.00 0.53 896.70 -25.480505 -49.271096 7
2019 6 29 14 32 58 1021.54 3098.15 2.32 -32.59 0.00 0.53 896.70 -25.480505 -49.271096 7
2019 6 29 14 32 58 1021.55 3098.16 2.43 -33.01 0.00 0.53 896.70 -25.480505 -49.271096 7
2019 6 29 14 32 58 1021.55 3098.16 2.30 -33.37 0.00 0.53 896.70 -25.480505 -49.271096 7
2019 6 29 14 32 58 1021.55 3098.16 2.04 -33.59 0.00 0.53 896.70 -25.480505 -49.271096 7
2019 6 29 14 32 58 1021.55 3098.16 2.02 -33.67 0.00 0.53 896.70 -25.480505 -49.271096 7
2019 6 29 14 32 58 1021.55 3098.16 2.26 -33.97 0.00 0.53 896.70 -25.480505 -49.271096 7
2019 6 29 14 32 58 1021.55 3098.16 2.09 -35.56 0.00 0.53 896.70 -25.480505 -49.271096 7
2019 6 29 14 32 58 1021.55 3098.16 2.02 -36.20 0.00 0.53 896.70 -25.480505 -49.271096 7
2019 6 29 14 32 58 1021.55 3098.16 2.10 -36.81 0.00 0.53 896.70 -25.480505 -49.271096 7
2019 6 29 14 32 58 1021.55 3098.16 2.10 -37.48 0.00 0.53 896.70 -25.480505 -49.271096 7
2019 6 29 14 32 58 1021.55 3098.16 1.55 -37.99 0.00 0.53 896.70 -25.480505 -49.271096 7
2019 6 29 14 32 58 1021.55 3098.16 0.89 -38.25 0.00 0.53 896.70 -25.480505 -49.271096 7
2019 6 29 14 32 59 1021.55 3098.16 2.01 -40.03 0.00 1.24 897.30 -25.480510 -49.271095 8
2019 6 29 14 32 59 1021.55 3098.16 2.24 -40.55 0.00 1.24 897.30 -25.480510 -49.271095 8
2019 6 29 14 32 59 1021.55 3098.16 2.07 -41.02 0.00 1.24 897.30 -25.480510 -49.271095 8
2019 6 29 14 32 59 1021.55 3098.16 1.96 -41.69 0.00 1.24 897.30 -25.480510 -49.271095 8
2019 6 29 14 32 59 1021.54 3098.14 2.06 -42.72 0.00 1.24 897.30 -25.480510 -49.271095 8
2019 6 29 14 32 59 1021.54 3098.14 2.25 -43.28 0.00 1.24 897.30 -25.480510 -49.271095 8
2019 6 29 14 32 59 1021.54 3098.14 2.07 -44.13 0.00 1.24 897.30 -25.480510 -49.271095 8
2019 6 29 14 32 59 1021.54 3098.14 2.09 -44.53 0.00 1.24 897.30 -25.480510 -49.271095 8
2019 6 29 14 32 59 1021.54 3098.14 2.20 -44.90 0.00 1.24 897.30 -25.480510 -49.271095 8
2019 6 29 14 32 59 1021.54 3098.14 2.23 -45.28 0.00 1.24 897.30 -25.480510 -49.271095 8
2019 6 29 14 32 59 1021.54 3098.14 2.24 -45.97 0.00 1.24 897.30 -25.480510 -49.271095 8
2019 6 29 14 32 59 1021.54 3098.14 1.91 -47.06 0.00 1.24 897.30 -25.480510 -49.271095 8
2019 6 29 14 32 59 1021.54 3098.14 1.87 -47.27 0.00 1.24 897.30 -25.480510 -49.271095 8
2019 6 29 14 32 59 1021.54 3098.14 1.93 -47.27 0.00 1.24 897.30 -25.480510 -49.271095 8
2019 6 29 14 32 59 1021.54 3098.14 2.02 -46.97 0.00 1.24 897.30 -25.480510 -49.271095 8
2019 6 29 14 32 59 1021.54 3098.14 2.10 -46.50 0.00 1.24 897.30 -25.480510 -49.271095 8
2019 6 29 14 32 59 1021.54 3098.14 2.08 -46.14 0.00 1.24 897.30 -25.480510 -49.271095 8
2019 6 29 14 32 59 1021.54 3098.14 2.29 -44.19 0.00 1.24 897.30 -25.480510 -49.271095 8
2019 6 29 14 32 59 1021.55 3098.16 2.40 -43.16 0.00 1.24 897.30 -25.480510 -49.271095 8
2019 6 29 14 32 59 1021.55 3098.16 2.57 -41.97 0.00 1.24 897.30 -25.480510 -49.271095 8
2019 6 29 14 32 59 1021.55 3098.16 2.62 -41.06 0.00 1.24 897.30 -25.480510 -49.271095 8
2019 6 29 14 32 59 1021.55 3098.16 2.49 -40.14 0.00 1.24 897.30 -25.480510 -49.271095 8
2019 6 29 14 32 59 1021.55 3098.16 2.38 -4 897.30 -25.480510 -49.271095 8
2019 6 29 14 33 0 1021.55 3098.17 -28.87 33.07 0.00 0.31 897.50 -25.480510 -49.271097 8
2019 6 29 14 33 0 1021.55 3098.17 -28.64 33.18 0.00 0.31 897.50 -25.480510 -49.271097 8
2019 6 29 14 33 0 1021.55 3098.17 -28.42 33.62 0.00 0.31 897.50 -25.480510 -49.271097 8
2019 6 29 14 33 0 1021.55 3098.17 -28.17 33.93 0.00 0.31 897.50 -25.480510 -49.271097 8
2019 6 29 14 33 0 1021.55 3098.17 -27.91 33.97 0.00 0.31 897.50 -25.480510 -49.271097 8
2019 6 29 14 33 0 1021.55 3098.17 -27.85 34.06 0.00 0.31 897.50 -25.480510 -49.271097 8
2019 6 29 14 33 0 1021.55 3098.17 -27.59 33.97 0.00 0.31 897.50 -25.480510 -49.271097 8
2019 6 29 14 33 0 1021.55 3098.17 -27.07 33.84 0.00 0.31 897.50 -25.480510 -49.271097 8
2019 6 29 14 33 0 1021.55 3098.17 -26.52 33.84 0.00 0.31 897.50 -25.480510 -49.271097 8
2019 6 29 14 33 0 1021.55 3098.17 -26.05 33.86 0.00 0.31 897.50 -25.480510 -49.271097 8
2019 6 29 14 33 0 1021.55 3098.17 -25.63 33.69 0.00 0.31 897.50 -25.480510 -49.271097 8
2019 6 29 14 33 0 1021.55 3098.17 -25.27 33.44 0.00 0.31 897.50 -25.480510 -49.271097 8
2019 6 29 14 33 0 1021.55 3098.17 -24.95 33.79 0.00 0.31 897.50 -25.480510 -49.271097 8
2019 6 29 14 33 0 1021.55 3098.17 -24.54 33.84 0.00 0.31 897.50 -25.480510 -49.271097 8
2019 6 29 14 33 0 1021.55 3098.17 -24.15 34.01 0.00 0.31 897.50 -25.480510 -49.271097 8
2019 6 29 14 33 0 1021.55 3098.17 -23.91 34.19 0.00 0.31 897.50 -25.480510 -49.271097 8
2019 6 29 14 33 0 1021.55 3098.17 -23.70 34.22 0.00 0.31 897.50 -25.480510 -49.271097 8
2019 6 29 14 33 0 1021.55 3098.17 -23.55 34.89 0.00 0.31 897.50 -25.480510 -49.271097 8
2019 6 29 14 33 0 1021.55 3098.17 -23.28 35.12 0.00 0.31 897.50 -25.480510 -49.271097 8
2019 6 29 14 33 0 1021.55 3098.17 -23.20 35.36 0.00 0.31 897.50 -25.480510 -49.271097 8
2019 6 29 14 33 0 1021.55 3098.17 -23.03 35.39 0.00 0.31 897.50 -25.480510 -49.271097 8
2019 6 29 14 33 0 1021.55 3098.17 -22.77 35.47 0.00 0.31 897.50 -25.480510 -49.271097 8
2019 6 29 14 33 0 1021.55 3098.17 -22.54 35.53 0.00 0.31 897.50 -25.480510 -49.271097 8
2019 6 29 14 33 0 1021.55 3098.17 -22.47 35.93 0.00 0.31 897.50 -25.480510 -49.271097 8
2019 6 29 14 33 5 1021.55 3098.17 -22.49 35.98 0.00 0.12 897.50 -25.480505 -49.271100 8
2019 6 29 14 33 5 1021.55 3098.17 -22.59 36.12 0.00 0.12 897.50 -25.480505 -49.271100 8
2019 6 29 14 33 5 1021.55 3098.17 -22.56 36.43 0.00 0.12 897.50 -25.480505 -49.271100 8
2019 6 29 14 33 5 1021.55 3098.17 -22.29 36.64 0.00 0.12 897.50 -25.480505 -49.271100 8
2019 6 29 14 33 5 1021.55 3098.16 -22.06 36.86 0.00 0.12 897.50 -25.480505 -49.271100 8
2019 6 29 14 33 5 1021.55 3098.16 -21.63 37.18 0.00 0.12 897.50 -25.480505 -49.271100 8
2019 6 29 14 33 5 1021.55 3098.16 -21.87 37.35 0.00 0.12 897.50 -25.480505 -49.271100 8
2019 6 29 14 33 5 1021.55 3098.16 -21.61 37.35 0.00 0.12 897.50 -25.480505 -49.271100 8
2019 6 29 14 33 5 1021.55 3098.16 -21.36 37.27 0.00 0.12 897.50 -25.480505 -49.271100 8
2019 6 29 14 33 5 1021.55 3098.16 -21.08 37.08 0.00 0.12 897.50 -25.480505 -49.271100 8
2019 6 29 14 33 5 1021.55 3098.16 -20.74 36.94 0.00 0.12 897.50 -25.480505 -49.271100 8
2019 6 29 14 33 5 1021.55 3098.16 -20.55 37.45 0.00 0.12 897.50 -25.480505 -49.271100 8
2019 6 29 14 33 5 1021.55 3098.16 -20.22 37.55 0.00 0.12 897.50 -25.480505 -49.271100 8
2019 6 29 14 33 5 1021.55 3098.16 -19.95 37.72 0.00 0.12 897.50 -25.480505 -49.271100 8
2019 6 29 14 33 5 1021.55 3098.16 -19.80 37.80 0.00 0.12 897.50 -25.480505 -49.271100 8
2019 6 29 14 33 5 1021.55 3098.16 -19.69 37.88 0.00 0.12 897.50 -25.480505 -49.271100 8
2019 6 29 14 33 5 1021.55 3098.16 -19.32 38.31 0.00 0.12 897.50 -25.480505 -49.271100 8
2019 6 29 14 33 5 1021.55 3098.16 -19.18 38.38 0.00 0.12 897.50 -25.480505 -49.271100 8
2019 6 29 14 33 5 1021.55 3098.16 -19.10 38.38 0.00 0.12 897.50 -25.480505 -49.271100 8
2019 6 29 14 33 5 1021.55 3098.16 -18.97 38.49 0.00 0.12 897.50 -25.480505 -49.271100 8
2019 6 29 14 33 5 1021.55 3098.16 -18.88 38.70 0.00 0.12 897.50 -25.480505 -49.271100 8
2019 6 29 14 33 5 1021.55 3098.16 -18.79 38.88 0.00 0.12 897.50 -25.480505 -49.271100 8
2019 6 29 14 33 5 1021.55 3098.16 -18.88 39.30 0.00 0.12 897.50 -25.480505 -49.271100 8
2019 6 29 14 33 5 1021.55 3098.16 -18.86 39.60 0.00 0.12 897.50 -25.480505 -49.271100 8
2019 6 29 14 33 5 1021.55 3098.16 -18.86 39.84 0.00 0.12 897.50 -25.480505 -49.271100 8
2019 6 29 14 33 5 1021.55 3098.16 -18.77 40.02 0.00 0.12 897.50 -25.480505 -49.271100 8
2019 6 29 14 33 5 1021.55 3098.16 -18.67 40.16 0.00 0.12 897.50 -25.480505 -49.271100 8
2019 6 29 14 33 5 1021.55 3098.16 -18.54 40.17 0.00 0.12 897.50 -25.480505 -49.271100 8
2019 6 29 14 33 6 1021.55 3098.16 -18.50 40.58 0.00 0.18 897.90 -25.480506 -49.271100 8
2019 6 29 14 33 6 1021.55 3098.16 -18.42 40.60 0.00 0.18 897.90 -25.480506 -49.271100 8
2019 6 29 14 33 6 1021.55 3098.16 -18.37 40.66 0.00 0.18 897.90 -25.480506 -49.271100 8
2019 6 29 14 33 6 1021.55 3098.16 -18.30 40.66 0.00 0.18 897.90 -25.480506 -49.271100 8
2019 6 29 14 33 6 1021.55 3098.17 -18.21 40.63 0.00 0.18 897.90 -25.480506 -49.271100 8
2019 6 29 14 33 6 1021.55 3098.17 -18.07 40.48 0.00 0.18 897.90 -25.480506 -49.271100 8
2019 6 29 14 33 6 1021.55 3098.17 -17.54 39.79 0.00 0.18 897.90 -25.480506 -49.271100 8
2019 6 29 14 33 6 1021.55 3098.17 -17.14 39.33 0.00 0.18 897.90 -25.480506 -49.271100 8
2019 6 29 14 33 6 1021.55 3098.17 -16.75 38.75 0.00 0.18 897.90 -25.480506 -49.271100 8
2019 6 29 14 33 6 1021.55 3098.17 -16.32 38.12 0.00 0.18 897.90 -25.480506 -49.271100 8
2019 6 29 14 33 6 1021.55 3098.17 -15.77 37.34 0.00 0.18 897.90 -25.480506 -49.271100 8
2019 6 29 14 33 6 1021.55 3098.17 -15.42 35.79 0.00 0.18 897.90 -25.480506 -49.271100 8
2019 6 29 14 33 6 1021.55 3098.17 -15.17 35.07 0.00 0.18 897.90 -25.480506 -49.271100 8
2019 6 29 14 33 6 1021.55 3098.17 -14.87 34.36 0.00 0.18 897.90 -25.480506 -49.271100 8
2019 6 29 14 33 6 1021.55 3098.17 -14.57 33.64 0.00 0.18 897.90 -25.480506 -49.271100 8
2019 6 29 14 33 6 1021.55 3098.17 -14.38 32.87 0.00 0.18 897.90 -25.480506 -49.271100 8
2019 6 29 14 33 6 1021.55 3098.17 -14.11 32.34 0.00 0.18 897.90 -25.480506 -49.271100 8
2019 6 29 14 33 6 1021.55 3098.17 -13.63 31.06 0.00 0.18 897.90 -25.480506 -49.271100 8
2019 6 29 14 33 6 1021.55 3098.17 -13.33 30.41 0.00 0.18 897.90 -25.480506 -49.271100 8
2019 6 29 14 33 6 1021.55 3098.17 -13.00 29.73 0.00 0.18 897.90 -25.480506 -49.271100 8
2019 6 29 14 33 6 1021.55 3098.17 -12.67 29.10 0.00 0.18 897.90 -25.480506 -49.271100 8
2019 6 29 14 33 6 1021.55 3098.17 -12.22 28.46 0.00 0.18 897.90 -25.480506 -49.271100 8
2019 6 29 14 33 6 1021.55 3098.17 -11.68 27.81 0.00 0.18 897.90 -25.480506 -49.271100 8
2019 6 29 14 33 6 1021.55 3098.17 -10.63 26.42 0.00 0.18 897.90 -25.480506 -49.271100 8
2019 6 29 14 33 6 1021.55 3098.17 -10.21 25.65 0.00 0.18 897.90 -25.480506 -49.271100 8
2019 6 29 14 33 6 1021.55 3098.17 -9.81 24.83 0.00 0.18 897.90 -25.480506 -49.271100 8
2019 6 29 14 33 6 1021.55 3098.17 -9.08 23.89 0.00 0.18 897.90 -25.480506 -49.271100 8
2019 6 29 14 33 6 1021.55 3098.17 -8.49 22.88 0.00 0.18 897.90 -25.480506 -49.271100 8
2019 6 29 14 33 6 1021.55 3098.17 -7.93 21.55 0.00 0.18 897.90 -25.480506 -49.271100 8
2019 6 29 14 33 7 1021.55 3098.17 -6.99 19.02 0.00 0.06 898.00 -25.480506 -49.271096 8
2019 6 29 14 33 7 1021.55 3098.17 -6.59 18.02 0.00 0.06 898.00 -25.480506 -49.271096 8
2019 6 29 14 33 7 1021.55 3098.17 -6.17 16.98 0.00 0.06 898.00 -25.480506 -49.271096 8
2019 6 29 14 33 7 1021.55 3098.18 -5.91 15.93 0.00 0.06 898.00 -25.480506 -49.271096 8
2019 6 29 14 33 7 1021.55 3098.18 -5.65 15.08 0.00 0.06 898.00 -25.480506 -49.271096 8
2019 6 29 14 33 7 1021.55 3098.18 -5.24 14.42 0.00 0.06 898.00 -25.480506 -49.271096 8
2019 6 29 14 33 7 1021.55 3098.18 -5.00 13.32 0.00 0.06 898.00 -25.480506 -49.271096 8
2019 6 29 14 33 7 1021.55 3098.18 -4.84 12.78 0.00 0.06 898.00 -25.480506 -49.271096 8
2019 6 29 14 33 7 1021.55 3098.18 -4.65 12.19 0.00 0.06 898.00 -25.480506 -49.271096 8
2019 6 29 14 33 7 1021.55 3098.18 -4.20 11.59 0.00 0.06 898.00 -25.480506 -49.271096 8
2019 6 29 14 33 7 1021.55 3098.18 -3.92 11.01 0.00 0.06 898.00 -25.480506 -49.271096 8
2019 6 29 14 33 7 1021.55 3098.18 -3.32 9.60 0.00 0.06 898.00 -25.480506 -49.271096 8
2019 6 29 14 33 7 1021.55 3098.18 -3.12 9.05 0.00 0.06 898.00 -25.480506 -49.271096 8
2019 6 29 14 33 7 1021.55 3098.18 -2.98 8.48 0.00 0.06 898.00 -25.480506 -49.271096 8
2019 6 29 14 33 7 1021.55 3098.18 -3.01 7.88 0.00 0.06 898.00 -25.480506 -49.271096 8
2019 6 29 14 33 7 1021.55 3098.18 -3.19 7.37 0.00 0.06 898.00 -25.480506 -49.271096 8
2019 6 29 14 33 7 1021.55 3098.18 -3.14 6.93 0.00 0.06 898.00 -25.480506 -49.271096 8
2019 6 29 14 33 7 1021.55 3098.17 -1.81 4.51 0.00 0.06 898.00 -25.480506 -49.271096 8
2019 6 29 14 33 7 1021.55 3098.17 -1.50 4.12 0.00 0.06 898.00 -25.480506 -49.271096 8
2019 6 29 14 33 7 1021.55 3098.17 -1.58 3.83 0.00 0.06 898.00 -25.480506 -49.271096 8
2019 6 29 14 33 7 1021.55 3098.17 -1.82 3.62 0.00 0.06 898.00 -25.480506 -49.271096 8
2019 6 29 14 33 7 1021.55 3098.17 -1.88 3.64 0.00 0.06 898.00 -25.480506 -49.271096 8
2019 6 29 14 33 7 1021.55 3098.17 -1.71 3.85 0.00 0.06 898.00 -25.480506 -49.271096 8
